0 0.083984375 0.6816015625 0.080078125 0.6998828125000001 0.0927734375 0.7075 0.09765625 0.6846484375 0.083984375 0.6816015625
0 0.138671875 0.6998828125000001 0.1533203125 0.7044531234375 0.158203125 0.6907421874999999 0.15625 0.6755078125 0.142578125 0.6663671875 0.13671875 0.6785546874999999 0.138671875 0.6998828125000001
0 0.6484375 0.8857421875 0.65625 0.8766015625 0.65234375 0.8552734375 0.642578125 0.8461328124999999 0.6318359375 0.8598437499999999 0.6220703125 0.85375 0.609375 0.8583203125000001 0.609375 0.8705078125 0.59375 0.9070703124999999 0.5966796875 0.9238281234375 0.638671875 0.9223046874999999 0.6484375 0.8857421875
0 0.3330078125 0.9207812499999999 0.341796875 0.9619140625 0.3525390625 0.9725781234375 0.369140625 0.9497265625000001 0.3740234375 0.9177343765625 0.4267578125 0.9146875 0.4365234375 0.9238281234375 0.4853515625 0.9055468765624999 0.5224609375 0.9146875 0.5439453125 0.9360156234374999 0.587890625 0.8887890625000001 0.587890625 0.8613671875 0.580078125 0.8339453125 0.5751953125 0.8263281234375001 0.5556640625 0.8263281234375001 0.5498046875 0.8171875 0.5302734375 0.8263281234375001 0.525390625 0.7760546875000001 0.5205078125 0.7714843765625 0.5009765625 0.7928124999999999 0.47265625 0.8430859375 0.466796875 0.8735546875000001 0.4501953125 0.9025000000000001 0.4306640625 0.9055468765624999 0.3916015625 0.878125 0.375 0.8552734375 0.373046875 0.8400390625 0.380859375 0.7486328125 0.3671875 0.6694140625 0.3525390625 0.6587500000000001 0.3125 0.6602734375 0.2861328125 0.67703125 0.271484375 0.7212109375 0.279296875 0.8766015625 0.2666015625 0.878125 0.263671875 0.8857421875 0.2783203125 0.9146875 0.3056640625 0.9238281234375 0.3330078125 0.9207812499999999
0 0.1064453125 0.1438281234375 0.091796875 0.14839843749999998 0.0966796875 0.1834375 0.1103515625 0.1803906234375 0.123046875 0.1636328125 0.12109375 0.15144531249999998 0.107421875 0.1362109375 0.1064453125 0.1438281234375
0 0.046875 0.1605859375 0.046875 0.1819140625 0.0615234375 0.195625 0.0751953125 0.1925781234375 0.08203125 0.1605859375 0.08984375 0.15144531249999998 0.0625 0.14839843749999998 0.046875 0.1605859375
0 0.2861328125 0.1499218765625 0.341796875 0.22457031249999998 0.345703125 0.2458984375 0.3564453125 0.26265625 0.373046875 0.2611328125 0.375 0.19105468750000001 0.3857421875 0.1682031234375 0.4326171875 0.25656249999999997 0.4375 0.2519921875 0.4345703125 0.19867187656250002 0.4423828125 0.20476562343750002 0.4541015625 0.1925781234375 0.478515625 0.19105468750000001 0.4560546875 0.1803906234375 0.453125 0.17277343750000002 0.453125 0.053945312499999995 0.443359375 0.0448046875 0.443359375 0.011289062499999999 0.4384765625 0.0036718765625 0.271484375 0.0021484375 0.2392578125 0.0036718765625 0.234375 0.011289062499999999 0.232421875 0.0600390625 0.2265625 0.0661328125 0.234375 0.0844140625 0.2333984375 0.15296875000000001 0.2548828125 0.1682031234375 0.2861328125 0.1499218765625
0 0.56640625 0.008242187500000001 0.546875 0.0051953125 0.5576171875 0.01890625 0.56640625 0.008242187500000001
0 0.765625 0.5018359375 0.7705078125 0.56125 0.7734375 0.5292578125 0.76953125 0.5018359375 0.765625 0.5018359375
0 0.6533203125 0.049375 0.6552734375 0.0585156234375 0.662109375 0.050898437500000004 0.6279296875 0.025 0.609375 0.026523437500000004 0.6083984375 0.0341406234375 0.6533203125 0.049375
0 0.716796875 0.2458984375 0.720703125 0.2611328125 0.7314453125 0.26875 0.732421875 0.2276171875 0.7109375 0.1666796875 0.708984375 0.1849609375 0.716796875 0.2458984375
0 0.73828125 0.7303515625 0.732421875 0.7547265624999999 0.7353515625 0.8507031234375001 0.748046875 0.8156640625 0.755859375 0.8126171875000001 0.763671875 0.7821484375 0.755859375 0.7547265624999999 0.7578125 0.7333984375 0.73828125 0.7303515625