0 0.916015625 0.3183984375 0.919921875 0.3001171875 0.9072265625 0.2925 0.90234375 0.31535156249999996 0.916015625 0.3183984375
0 0.841796875 0.3092578125 0.84375 0.32449218750000003 0.857421875 0.3336328125 0.86328125 0.32144531249999997 0.861328125 0.3001171875 0.8466796875 0.2955468765625 0.841796875 0.3092578125
0 0.390625 0.1294921875 0.40625 0.0929296875 0.4033203125 0.07617187656249999 0.361328125 0.0776953125 0.3515625 0.1142578125 0.34375 0.12339843749999999 0.34765625 0.1447265625 0.357421875 0.1538671875 0.3681640625 0.14015625 0.3779296875 0.14625 0.390625 0.14167968749999998 0.390625 0.1294921875
0 0.7333984375 0.121875 0.736328125 0.1142578125 0.7216796875 0.0853125 0.6943359375 0.07617187656249999 0.6669921875 0.07921875 0.658203125 0.0380859375 0.6474609375 0.027421876562500003 0.630859375 0.0502734375 0.6259765625 0.0822656234375 0.5732421875 0.0853125 0.5634765625 0.07617187656249999 0.5146484375 0.0944531234375 0.4775390625 0.0853125 0.4560546875 0.0639843765625 0.412109375 0.1112109375 0.412109375 0.13863281249999998 0.419921875 0.16605468750000002 0.4248046875 0.1736718765625 0.4443359375 0.1736718765625 0.4501953125 0.1828125 0.4697265625 0.1736718765625 0.474609375 0.2239453125 0.4794921875 0.2285156234375 0.4990234375 0.2071875 0.52734375 0.1569140625 0.533203125 0.1264453125 0.5498046875 0.0975 0.5693359375 0.0944531234375 0.6083984375 0.121875 0.625 0.1447265625 0.626953125 0.1599609375 0.619140625 0.2513671875 0.6328125 0.3305859375 0.6474609375 0.34125 0.6875 0.3397265625 0.7138671875 0.32296874999999997 0.728515625 0.2787890625 0.720703125 0.12339843749999999 0.7333984375 0.121875
0 0.8896484375 0.8196093765624999 0.876953125 0.8363671874999999 0.87890625 0.8485546875000001 0.892578125 0.8637890625000001 0.8935546875 0.8561718765625 0.908203125 0.8516015625 0.9033203125 0.8165625000000001 0.8896484375 0.8196093765624999
0 0.9248046875 0.8074218765625 0.91796875 0.8394140625000001 0.91015625 0.8485546875000001 0.9375 0.8516015625 0.953125 0.8394140625000001 0.953125 0.8180859375 0.9384765625 0.804375 0.9248046875 0.8074218765625
0 0.7734375 0.9338671875 0.765625 0.9155859375000001 0.7666015625 0.84703125 0.7451171875 0.8317968765625 0.7138671875 0.8500781234374999 0.658203125 0.7754296875 0.654296875 0.7541015625 0.6435546875 0.73734375 0.626953125 0.7388671875 0.625 0.8089453125 0.6142578125 0.8317968765625 0.5673828125 0.7434375 0.5625 0.7480078125 0.5654296875 0.8013281234375 0.5576171875 0.7952343765625 0.5458984375 0.8074218765625 0.521484375 0.8089453125 0.5439453125 0.8196093765624999 0.546875 0.8272265624999999 0.546875 0.9460546875 0.556640625 0.9551953125000001 0.556640625 0.9887109374999999 0.5615234375 0.9963281234375 0.728515625 0.9978515625 0.7607421875 0.9963281234375 0.765625 0.9887109374999999 0.767578125 0.9399609375000001 0.7734375 0.9338671875
0 0.4423828125 0.98109375 0.43359375 0.9917578125000001 0.453125 0.9948046875 0.4423828125 0.98109375
0 0.234375 0.4981640625 0.2294921875 0.43875000000000003 0.2265625 0.47074218749999996 0.23046875 0.4981640625 0.234375 0.4981640625
0 0.337890625 0.9491015624999999 0.3720703125 0.975 0.390625 0.9734765624999999 0.3916015625 0.9658593765625 0.3466796875 0.9506249999999999 0.3447265625 0.9414843765625 0.337890625 0.9491015624999999
0 0.2685546875 0.73125 0.267578125 0.7723828125 0.2890625 0.8333203125 0.291015625 0.8150390625 0.283203125 0.7541015625 0.279296875 0.7388671875 0.2685546875 0.73125
0 0.244140625 0.1873828125 0.236328125 0.2178515625 0.244140625 0.2452734375 0.2421875 0.2666015625 0.26171875 0.2696484375 0.267578125 0.2452734375 0.2646484375 0.14929687656249999 0.251953125 0.1843359375 0.244140625 0.1873828125