0 0.09288194375 0.6591796875 0.07986111093750001 0.6708984375 0.097222221875 0.6865234375 0.09288194375 0.6904296875 0.09939236093750001 0.69140625 0.1145833328125 0.6689453125 0.11024305625 0.6630859375 0.09939236093750001 0.658203125 0.09288194375 0.6591796875
0 0.613715278125 0.7626953125 0.6419270828125 0.775390625 0.6506076390625 0.775390625 0.6571180562500001 0.7724609375 0.6571180562500001 0.7470703125 0.6419270828125 0.7421875 0.6180555562500001 0.7431640625 0.613715278125 0.7626953125
0 0.8155381937499999 0.77734375 0.8220486109375 0.7685546875 0.7981770828125 0.767578125 0.7743055562500001 0.7431640625 0.7677951390625 0.740234375 0.7526041671875 0.7412109375 0.730902778125 0.7451171875 0.7135416671875 0.7607421875 0.7135416671875 0.7705078125 0.750434028125 0.78125 0.7677951390625 0.78125 0.78515625 0.7734375 0.7981770828125 0.779296875 0.8155381937499999 0.77734375
0 0.48350694375 0.7060546875 0.47265625 0.701171875 0.45746527812500004 0.7021484375 0.44444444375 0.7099609375 0.44444444375 0.7607421875 0.44878472187499996 0.7724609375 0.46180555625 0.7802734375 0.4856770828125 0.783203125 0.49652777812500004 0.7802734375 0.49652777812500004 0.7705078125 0.48350694375 0.7060546875
0 0.08420138906249999 0.3017578125 0.08420138906249999 0.2763671875 0.07552083281250001 0.2548828125 0.058159721875 0.2509765625 0.047309028125 0.251953125 0.027777778125000003 0.2607421875 0.010416667187500001 0.2900390625 0.014756943750000001 0.3115234375 0.0256076390625 0.326171875 0.047309028125 0.3125 0.07335069375 0.3125 0.08420138906249999 0.3017578125
0 0.819878471875 0.744140625 0.8220486109375 0.7548828125 0.8328993062500001 0.759765625 0.858940971875 0.763671875 0.867621528125 0.771484375 0.90234375 0.767578125 0.9131944437499999 0.7587890625 0.9045138890625 0.6923828125 0.8958333328125001 0.6826171875 0.8958333328125001 0.6552734375 0.887152778125 0.6533203125 0.887152778125 0.7236328125 0.86328125 0.73046875 0.819878471875 0.736328125 0.8068576390625 0.732421875 0.7960069437499999 0.7333984375 0.7960069437499999 0.7431640625 0.8068576390625 0.74609375 0.819878471875 0.744140625
0 0.23177083281250002 0.7978515625 0.21875 0.7939453125 0.214409721875 0.7841796875 0.22526041718749998 0.783203125 0.23828125 0.7734375 0.31206597187499996 0.771484375 0.34678819375000003 0.765625 0.40972222187499996 0.7626953125 0.40972222187499996 0.7587890625 0.39453125 0.751953125 0.35980902812500004 0.74609375 0.3424479171875 0.73828125 0.22960069375 0.73828125 0.16883680625 0.724609375 0.116753471875 0.720703125 0.11024305625 0.7158203125 0.11024305625 0.6982421875 0.1015625 0.6962890625 0.1015625 0.7509765625 0.13194444375 0.7626953125 0.13628472187500001 0.7744140625 0.17534722187500001 0.7998046875 0.19487847187500001 0.806640625 0.21223958281250002 0.806640625 0.22743055625 0.8017578125 0.23177083281250002 0.7978515625
0 0.7829861109375 0.3466796875 0.7916666671875 0.3564453125 0.8068576390625 0.359375 0.809027778125 0.3525390625 0.8220486109375 0.3486328125 0.8068576390625 0.34765625 0.7829861109375 0.3310546875 0.7829861109375 0.3466796875
0 0.9131944437499999 0.3017578125 0.8958333328125001 0.2861328125 0.8958333328125001 0.3154296875 0.917534721875 0.3408203125 0.9305555562500001 0.3466796875 0.937065971875 0.365234375 0.9435763890625 0.3583984375 0.9435763890625 0.3369140625 0.917534721875 0.3173828125 0.9131944437499999 0.3017578125
0 0.594184028125 0.205078125 0.6115451390625 0.205078125 0.6310763890625 0.1943359375 0.6028645828125 0.189453125 0.5876736109375 0.1904296875 0.55078125 0.1953125 0.4509548609375 0.197265625 0.35546875 0.2109375 0.33159722187499996 0.2177734375 0.35546875 0.21875 0.39019097187499996 0.212890625 0.5811631937499999 0.208984375 0.594184028125 0.205078125
0 0.8806423609375 0.27734375 0.8936631937499999 0.28125 0.8958333328125001 0.2763671875 0.8806423609375 0.259765625 0.8719618062500001 0.267578125 0.8611111109375 0.2646484375 0.8567708328125001 0.2431640625 0.8654513890625 0.2431640625 0.8654513890625 0.2353515625 0.8567708328125001 0.2294921875 0.8567708328125001 0.2138671875 0.84375 0.1962890625 0.8307291671874999 0.1904296875 0.809027778125 0.1982421875 0.839409721875 0.2939453125 0.848090278125 0.2998046875 0.84375 0.3095703125 0.8546006937499999 0.310546875 0.8654513890625 0.2939453125 0.8654513890625 0.2783203125 0.8806423609375 0.27734375