0 0.9006076390625 0.30859375 0.8854166671874999 0.3310546875 0.8897569437499999 0.3369140625 0.9006076390625 0.341796875 0.9071180562500001 0.3408203125 0.9201388890625 0.3291015625 0.902777778125 0.3134765625 0.9071180562500001 0.3095703125 0.9006076390625 0.30859375
0 0.34288194375000003 0.2275390625 0.34288194375000003 0.2529296875 0.3580729171875 0.2578125 0.38194444375000003 0.2568359375 0.38628472187499996 0.2373046875 0.3580729171875 0.224609375 0.3493923609375 0.224609375 0.34288194375000003 0.2275390625
0 0.249565971875 0.21875 0.23220486093749998 0.21875 0.21484375 0.2265625 0.20182291718749998 0.220703125 0.18446180625 0.22265625 0.17795138906250002 0.2314453125 0.20182291718749998 0.232421875 0.22569444375 0.2568359375 0.23220486093749998 0.259765625 0.24739583281250002 0.2587890625 0.26909722187499996 0.2548828125 0.2864583328125 0.2392578125 0.2864583328125 0.2294921875 0.249565971875 0.21875
0 0.5381944437499999 0.2197265625 0.5143229171875 0.216796875 0.503472221875 0.2197265625 0.503472221875 0.2294921875 0.5164930562500001 0.2939453125 0.52734375 0.298828125 0.542534721875 0.2978515625 0.5555555562500001 0.2900390625 0.5555555562500001 0.2392578125 0.551215278125 0.2275390625 0.5381944437499999 0.2197265625
0 0.9852430562500001 0.6884765625 0.9743923609375 0.673828125 0.952690971875 0.6875 0.9266493062500001 0.6875 0.9157986109375 0.6982421875 0.9157986109375 0.7236328125 0.9244791671874999 0.7451171875 0.941840278125 0.7490234375 0.952690971875 0.748046875 0.972222221875 0.7392578125 0.9895833328125001 0.7099609375 0.9852430562500001 0.6884765625
0 0.19314236093749998 0.267578125 0.20399305625 0.2666015625 0.20399305625 0.2568359375 0.19314236093749998 0.25390625 0.18012152812499999 0.255859375 0.17795138906250002 0.2451171875 0.16710069375 0.240234375 0.14105902812499999 0.236328125 0.13237847187500001 0.228515625 0.09765625 0.232421875 0.08680555625 0.2412109375 0.09548611093750001 0.3076171875 0.1041666671875 0.3173828125 0.1041666671875 0.3447265625 0.112847221875 0.3466796875 0.112847221875 0.2763671875 0.13671875 0.26953125 0.18012152812499999 0.263671875 0.19314236093749998 0.267578125
0 0.824652778125 0.2001953125 0.805121528125 0.193359375 0.7877604171875 0.193359375 0.7725694437499999 0.1982421875 0.7682291671875 0.2021484375 0.78125 0.2060546875 0.785590278125 0.2158203125 0.7747395828125 0.216796875 0.76171875 0.2265625 0.687934028125 0.228515625 0.6532118062500001 0.234375 0.590277778125 0.2373046875 0.590277778125 0.2412109375 0.60546875 0.248046875 0.640190971875 0.25390625 0.6575520828125 0.26171875 0.7703993062500001 0.26171875 0.8311631937499999 0.275390625 0.883246528125 0.279296875 0.8897569437499999 0.2841796875 0.8897569437499999 0.3017578125 0.8984375 0.3037109375 0.8984375 0.2490234375 0.8680555562500001 0.2373046875 0.863715278125 0.2255859375 0.824652778125 0.2001953125
0 0.19097222187500001 0.6474609375 0.17795138906250002 0.6513671875 0.19314236093749998 0.65234375 0.21701388906250002 0.6689453125 0.21701388906250002 0.6533203125 0.20833333281250002 0.6435546875 0.19314236093749998 0.640625 0.19097222187500001 0.6474609375
0 0.062934028125 0.634765625 0.0564236109375 0.6416015625 0.0564236109375 0.6630859375 0.082465278125 0.6826171875 0.08680555625 0.6982421875 0.1041666671875 0.7138671875 0.1041666671875 0.6845703125 0.082465278125 0.6591796875 0.06944444375 0.6533203125 0.062934028125 0.634765625
0 0.668402778125 0.7822265625 0.64453125 0.78125 0.609809028125 0.787109375 0.41883680625 0.791015625 0.40581597187499996 0.794921875 0.3884548609375 0.794921875 0.3689236109375 0.8056640625 0.3971354171875 0.810546875 0.4123263890625 0.8095703125 0.44921875 0.8046875 0.5490451390625 0.802734375 0.64453125 0.7890625 0.668402778125 0.7822265625
0 0.15625 0.6904296875 0.14539930625 0.689453125 0.13454861093749998 0.7060546875 0.13454861093749998 0.7216796875 0.1193576390625 0.72265625 0.10633680625 0.71875 0.1041666671875 0.7236328125 0.1193576390625 0.740234375 0.12803819375 0.732421875 0.13888888906250002 0.7353515625 0.1432291671875 0.7568359375 0.13454861093749998 0.7568359375 0.13454861093749998 0.7646484375 0.1432291671875 0.7705078125 0.1432291671875 0.7861328125 0.15625 0.8037109375 0.1692708328125 0.8095703125 0.19097222187500001 0.8017578125 0.16059027812499999 0.7060546875 0.15190972187500001 0.7001953125 0.15625 0.6904296875