0 0.6591796875 0.9071180562500001 0.6708984375 0.9201388890625 0.6865234375 0.902777778125 0.6904296875 0.9071180562500001 0.69140625 0.9006076390625 0.6689453125 0.8854166671874999 0.6630859375 0.8897569437499999 0.658203125 0.9006076390625 0.6591796875 0.9071180562500001
0 0.7626953125 0.38628472187499996 0.775390625 0.3580729171875 0.775390625 0.3493923609375 0.7724609375 0.34288194375000003 0.7470703125 0.34288194375000003 0.7421875 0.3580729171875 0.7431640625 0.38194444375000003 0.7626953125 0.38628472187499996
0 0.77734375 0.18446180625 0.7685546875 0.17795138906250002 0.767578125 0.20182291718749998 0.7431640625 0.22569444375 0.740234375 0.23220486093749998 0.7412109375 0.24739583281250002 0.7451171875 0.26909722187499996 0.7607421875 0.2864583328125 0.7705078125 0.2864583328125 0.78125 0.249565971875 0.78125 0.23220486093749998 0.7734375 0.21484375 0.779296875 0.20182291718749998 0.77734375 0.18446180625
0 0.7060546875 0.5164930562500001 0.701171875 0.52734375 0.7021484375 0.542534721875 0.7099609375 0.5555555562500001 0.7607421875 0.5555555562500001 0.7724609375 0.551215278125 0.7802734375 0.5381944437499999 0.783203125 0.5143229171875 0.7802734375 0.503472221875 0.7705078125 0.503472221875 0.7060546875 0.5164930562500001
0 0.3017578125 0.9157986109375 0.2763671875 0.9157986109375 0.2548828125 0.9244791671874999 0.2509765625 0.941840278125 0.251953125 0.952690971875 0.2607421875 0.972222221875 0.2900390625 0.9895833328125001 0.3115234375 0.9852430562500001 0.326171875 0.9743923609375 0.3125 0.952690971875 0.3125 0.9266493062500001 0.3017578125 0.9157986109375
0 0.744140625 0.18012152812499999 0.7548828125 0.17795138906250002 0.759765625 0.16710069375 0.763671875 0.14105902812499999 0.771484375 0.13237847187500001 0.767578125 0.09765625 0.7587890625 0.08680555625 0.6923828125 0.09548611093750001 0.6826171875 0.1041666671875 0.6552734375 0.1041666671875 0.6533203125 0.112847221875 0.7236328125 0.112847221875 0.73046875 0.13671875 0.736328125 0.18012152812499999 0.732421875 0.19314236093749998 0.7333984375 0.20399305625 0.7431640625 0.20399305625 0.74609375 0.19314236093749998 0.744140625 0.18012152812499999
0 0.7978515625 0.7682291671875 0.7939453125 0.78125 0.7841796875 0.785590278125 0.783203125 0.7747395828125 0.7734375 0.76171875 0.771484375 0.687934028125 0.765625 0.6532118062500001 0.7626953125 0.590277778125 0.7587890625 0.590277778125 0.751953125 0.60546875 0.74609375 0.640190971875 0.73828125 0.6575520828125 0.73828125 0.7703993062500001 0.724609375 0.8311631937499999 0.720703125 0.883246528125 0.7158203125 0.8897569437499999 0.6982421875 0.8897569437499999 0.6962890625 0.8984375 0.7509765625 0.8984375 0.7626953125 0.8680555562500001 0.7744140625 0.863715278125 0.7998046875 0.824652778125 0.806640625 0.805121528125 0.806640625 0.7877604171875 0.8017578125 0.7725694437499999 0.7978515625 0.7682291671875
0 0.3466796875 0.21701388906250002 0.3564453125 0.20833333281250002 0.359375 0.19314236093749998 0.3525390625 0.19097222187500001 0.3486328125 0.17795138906250002 0.34765625 0.19314236093749998 0.3310546875 0.21701388906250002 0.3466796875 0.21701388906250002
0 0.3017578125 0.08680555625 0.2861328125 0.1041666671875 0.3154296875 0.1041666671875 0.3408203125 0.082465278125 0.3466796875 0.06944444375 0.365234375 0.062934028125 0.3583984375 0.0564236109375 0.3369140625 0.0564236109375 0.3173828125 0.082465278125 0.3017578125 0.08680555625
0 0.205078125 0.40581597187499996 0.205078125 0.3884548609375 0.1943359375 0.3689236109375 0.189453125 0.3971354171875 0.1904296875 0.4123263890625 0.1953125 0.44921875 0.197265625 0.5490451390625 0.2109375 0.64453125 0.2177734375 0.668402778125 0.21875 0.64453125 0.212890625 0.609809028125 0.208984375 0.41883680625 0.205078125 0.40581597187499996
0 0.27734375 0.1193576390625 0.28125 0.10633680625 0.2763671875 0.1041666671875 0.259765625 0.1193576390625 0.267578125 0.12803819375 0.2646484375 0.13888888906250002 0.2431640625 0.1432291671875 0.2431640625 0.13454861093749998 0.2353515625 0.13454861093749998 0.2294921875 0.1432291671875 0.2138671875 0.1432291671875 0.1962890625 0.15625 0.1904296875 0.1692708328125 0.1982421875 0.19097222187500001 0.2939453125 0.16059027812499999 0.2998046875 0.15190972187500001 0.3095703125 0.15625 0.310546875 0.14539930625 0.2939453125 0.13454861093749998 0.2783203125 0.13454861093749998 0.27734375 0.1193576390625