0 0.22048611093749998 0.26953125 0.206597221875 0.263671875 0.18576388906250002 0.2578125 0.17881944375 0.2578125 0.171875 0.25390625 0.1614583328125 0.255859375 0.15798611093749998 0.25390625 0.15277777812499999 0.2548828125 0.1822916671875 0.267578125 0.206597221875 0.2734375 0.22048611093749998 0.28125 0.24131944375 0.28515625 0.2517361109375 0.291015625 0.25694444375000003 0.2900390625 0.25694444375000003 0.2861328125 0.246527778125 0.2783203125 0.22743055625 0.26953125 0.22048611093749998 0.26953125
0 0 0.2373046875 0.00868055625 0.2421875 0.03993055625 0.244140625 0.053819443749999994 0.25 0.0607638890625 0.25 0.06770833281250001 0.24609375 0.078125 0.24609375 0.081597221875 0.248046875 0.1232638890625 0.25 0.12673611093749998 0.251953125 0.14236111093749998 0.2509765625 0.14236111093749998 0.2490234375 0.13368055625 0.24609375 0.12673611093749998 0.24609375 0.10243055625 0.23828125 0.081597221875 0.236328125 0.046875 0.2265625 0.0364583328125 0.220703125 0.0260416671875 0.21875 0.00868055625 0.208984375 0.0034722218749999997 0.2099609375 0.006944443749999999 0.2177734375 0 0.2197265625 0 0.2255859375 0.0034722218749999997 0.2275390625 0 0.2294921875 0 0.2373046875
0 0.9895833328125001 0.7744140625 0.9861111109375 0.7724609375 0.9861111109375 0.7568359375 0.9826388890625 0.7548828125 0.9791666671874999 0.7275390625 0.9635416671874999 0.72265625 0.9322916671874999 0.71875 0.9288194437499999 0.716796875 0.9114583328125001 0.716796875 0.890625 0.720703125 0.8732638890625 0.728515625 0.8663194437499999 0.728515625 0.8611111109375 0.7333984375 0.8611111109375 0.7392578125 0.8680555562500001 0.7451171875 0.8680555562500001 0.7490234375 0.878472221875 0.7548828125 0.878472221875 0.7607421875 0.8854166671874999 0.7705078125 0.878472221875 0.7783203125 0.8836805562500001 0.78125 0.887152778125 0.78125 0.890625 0.77734375 0.8923611109375 0.7783203125 0.8888888890625 0.7939453125 0.8923611109375 0.7978515625 0.9131944437499999 0.8076171875 0.9131944437499999 0.8134765625 0.9166666671874999 0.8154296875 0.9131944437499999 0.8251953125 0.9166666671874999 0.8291015625 0.9322916671874999 0.837890625 0.9427083328125001 0.83984375 0.949652778125 0.84375 0.9704861109375 0.84765625 0.9791666671874999 0.8466796875 0.9861111109375 0.8349609375 0.9861111109375 0.8212890625 0.9895833328125001 0.8193359375 0.9895833328125001 0.7744140625
0 0.9791666671874999 0.6689453125 0.972222221875 0.6494140625 0.9548611109375 0.6376953125 0.9444444437499999 0.6259765625 0.9392361109375 0.625 0.9236111109375 0.6142578125 0.90625 0.5986328125 0.8888888890625 0.5908203125 0.8888888890625 0.5849609375 0.8732638890625 0.578125 0.8055555562500001 0.5380859375 0.8055555562500001 0.5361328125 0.7604166671875 0.5126953125 0.7291666671875 0.4892578125 0.6736111109375 0.4580078125 0.6458333328125 0.4384765625 0.621527778125 0.4267578125 0.53125 0.3681640625 0.4826388890625 0.3408203125 0.3888888890625 0.2802734375 0.37152777812500004 0.2666015625 0.36631944375000003 0.265625 0.3454861109375 0.251953125 0.33506944375000003 0.25 0.3333333328125 0.2587890625 0.34027777812500004 0.2666015625 0.3541666671875 0.2744140625 0.3645833328125 0.2861328125 0.3645833328125 0.2919921875 0.359375 0.30078125 0.35243055624999997 0.298828125 0.34722222187499996 0.2998046875 0.34722222187499996 0.3154296875 0.35069444375000003 0.3173828125 0.3489583328125 0.328125 0.328125 0.322265625 0.3107638890625 0.314453125 0.3020833328125 0.3154296875 0.3020833328125 0.3193359375 0.3229166671875 0.3388671875 0.33506944375000003 0.34375 0.35069444375000003 0.3564453125 0.3611111109375 0.3603515625 0.3611111109375 0.3642578125 0.3732638890625 0.373046875 0.4045138890625 0.388671875 0.42881944375 0.392578125 0.45659722187499996 0.40625 0.512152778125 0.439453125 0.5173611109375 0.4404296875 0.5381944437499999 0.4560546875 0.5416666671875 0.4619140625 0.559027778125 0.4716796875 0.5711805562500001 0.484375 0.581597221875 0.484375 0.5868055562500001 0.4814453125 0.5920138890625 0.470703125 0.605902778125 0.474609375 0.6163194437499999 0.482421875 0.6267361109375 0.484375 0.6354166671875 0.4892578125 0.6388888890625 0.4970703125 0.6510416671875 0.501953125 0.675347221875 0.517578125 0.6892361109375 0.521484375 0.703125 0.53125 0.71875 0.5361328125 0.722222221875 0.5419921875 0.730902778125 0.546875 0.746527778125 0.5517578125 0.75 0.5556640625 0.746527778125 0.5849609375 0.753472221875 0.5966796875 0.8020833328125001 0.6279296875 0.8263888890625 0.6474609375 0.862847221875 0.66796875 0.890625 0.677734375 0.9010416671874999 0.685546875 0.918402778125 0.685546875 0.921875 0.68359375 0.972222221875 0.6943359375 0.9895833328125001 0.6845703125 0.9895833328125001 0.6787109375 0.9861111109375 0.6728515625 0.9791666671874999 0.6689453125
0 0.2604166671875 0.8681640625 0.27256944375000003 0.875 0.27777777812500004 0.8740234375 0.2795138890625 0.869140625 0.28993055624999997 0.869140625 0.3107638890625 0.875 0.33680555624999997 0.8740234375 0.3263888890625 0.8642578125 0.3107638890625 0.857421875 0.29340277812500004 0.859375 0.2604166671875 0.8681640625
0 0.8350694437499999 0.939453125 0.8524305562500001 0.947265625 0.8680555562500001 0.9384765625 0.871527778125 0.9326171875 0.8663194437499999 0.9296875 0.8211805562500001 0.927734375 0.8125 0.9248046875 0.8125 0.9189453125 0.8072916671874999 0.91796875 0.7899305562500001 0.927734375 0.7604166671875 0.9384765625 0.7638888890625 0.9423828125 0.762152778125 0.9453125 0.75 0.9462890625 0.7586805562500001 0.953125 0.784722221875 0.9541015625 0.8107638890625 0.94921875 0.8125 0.9443359375 0.8211805562500001 0.939453125 0.8350694437499999 0.939453125
0 0.612847221875 0.951171875 0.5954861109375 0.94921875 0.45659722187499996 0.91015625 0.44097222187499996 0.9091796875 0.45659722187499996 0.919921875 0.4670138890625 0.921875 0.48784722187499996 0.931640625 0.515625 0.939453125 0.5225694437499999 0.939453125 0.5399305562500001 0.947265625 0.5607638890625 0.94921875 0.5677083328125 0.953125 0.578125 0.955078125 0.5850694437499999 0.9609375 0.5989583328125 0.96484375 0.6388888890625 0.9638671875 0.644097221875 0.95703125 0.659722221875 0.9560546875 0.6232638890625 0.955078125 0.612847221875 0.951171875
0 1 0.8701171875 0.9947916671874999 0.8671875 0.9704861109375 0.873046875 0.949652778125 0.873046875 0.9461805562500001 0.875 0.9045138890625 0.875 0.9010416671874999 0.876953125 0.8802083328125001 0.875 0.8732638890625 0.87890625 0.8524305562500001 0.8828125 0.84375 0.8876953125 0.8454861109375 0.890625 0.855902778125 0.890625 0.8767361109375 0.884765625 0.9045138890625 0.884765625 0.9079861109375 0.8828125 0.9114583328125001 0.884765625 0.956597221875 0.884765625 0.9618055562500001 0.8896484375 0.9479166671874999 0.8974609375 0.9479166671874999 0.9150390625 0.953125 0.916015625 0.9635416671874999 0.923828125 0.96875 0.9228515625 0.9774305562500001 0.91796875 0.987847221875 0.91796875 0.9913194437499999 0.919921875 1 0.9189453125 1 0.8701171875
0 0.7986111109375 0.6728515625 0.7899305562500001 0.666015625 0.78125 0.6669921875 0.78125 0.6845703125 0.7604166671875 0.7001953125 0.7604166671875 0.7138671875 0.7638888890625 0.7177734375 0.777777778125 0.7177734375 0.7951388890625 0.7001953125 0.7951388890625 0.6923828125 0.7986111109375 0.6904296875 0.7986111109375 0.6728515625
0 0.6979166671875 0.6259765625 0.6875 0.6181640625 0.6875 0.6103515625 0.6822916671875 0.607421875 0.6770833328125 0.6083984375 0.6736111109375 0.6220703125 0.6631944437499999 0.6357421875 0.6631944437499999 0.6533203125 0.671875 0.66015625 0.6805555562500001 0.6611328125 0.690972221875 0.6533203125 0.6944444437499999 0.6396484375 0.6979166671875 0.6376953125 0.6979166671875 0.6259765625
0 0.590277778125 0.5751953125 0.590277778125 0.5576171875 0.5868055562500001 0.5556640625 0.5868055562500001 0.5478515625 0.581597221875 0.544921875 0.5677083328125 0.544921875 0.5625 0.5478515625 0.559027778125 0.5595703125 0.5555555562500001 0.5615234375 0.5555555562500001 0.5712890625 0.5486111109375 0.5791015625 0.5486111109375 0.6005859375 0.5572916671875 0.60546875 0.565972221875 0.6044921875 0.5763888890625 0.5986328125 0.5833333328125 0.5908203125 0.5833333328125 0.5849609375 0.590277778125 0.5751953125
0 0.3177083328125 0.439453125 0.3229166671875 0.4365234375 0.3263888890625 0.4228515625 0.3298611109375 0.4208984375 0.3298611109375 0.4130859375 0.3177083328125 0.40625 0.3072916671875 0.404296875 0.296875 0.404296875 0.2916666671875 0.4072265625 0.28819444375000003 0.4228515625 0.27777777812500004 0.4404296875 0.27777777812500004 0.4521484375 0.28472222187499996 0.4580078125 0.28472222187499996 0.4619140625 0.28993055624999997 0.46484375 0.2951388890625 0.4638671875 0.30902777812500004 0.4541015625 0.3125 0.4482421875 0.30902777812500004 0.4404296875 0.3177083328125 0.439453125
0 0.46527777812500004 0.5087890625 0.46875 0.5068359375 0.46875 0.4794921875 0.453125 0.47265625 0.4357638890625 0.47265625 0.4270833328125 0.4755859375 0.4270833328125 0.4990234375 0.4201388890625 0.5087890625 0.4201388890625 0.5166015625 0.43055555625 0.5244140625 0.43055555625 0.5302734375 0.4357638890625 0.533203125 0.4479166671875 0.5322265625 0.4548611109375 0.5283203125 0.4548611109375 0.5244140625 0.46527777812500004 0.5146484375 0.46527777812500004 0.5087890625