0 0.027777778125000003 0.2958984375 0.027777778125000003 0.2880859375 0.0208333328125 0.2880859375 0.0173611109375 0.3037109375 0.010416667187500001 0.3134765625 0.019097221875 0.3203125 0.027777778125000003 0.3173828125 0.027777778125000003 0.3056640625 0.034722221875 0.3017578125 0.034722221875 0.2978515625 0.027777778125000003 0.2958984375
0 1 0.6962890625 0.9930555562500001 0.6923828125 0.9913194437499999 0.658203125 0.9618055562500001 0.6591796875 0.9583333328125001 0.6689453125 0.965277778125 0.6728515625 0.96875 0.6787109375 0.9600694437499999 0.685546875 0.953125 0.685546875 0.9427083328125001 0.69140625 0.918402778125 0.69140625 0.909722221875 0.6884765625 0.918402778125 0.685546875 0.940972221875 0.6845703125 0.9114583328125001 0.681640625 0.909722221875 0.6806640625 0.9149305562500001 0.6796875 0.9201388890625 0.6748046875 0.9149305562500001 0.671875 0.890625 0.671875 0.887152778125 0.67578125 0.8767361109375 0.671875 0.862847221875 0.671875 0.8611111109375 0.6806640625 0.855902778125 0.681640625 0.831597221875 0.67578125 0.8211805562500001 0.669921875 0.8142361109375 0.669921875 0.8072916671874999 0.666015625 0.796875 0.6640625 0.7760416671875 0.654296875 0.7517361109375 0.6484375 0.7430555562500001 0.6298828125 0.722222221875 0.6220703125 0.71875 0.6083984375 0.6944444437499999 0.5927734375 0.6875 0.5810546875 0.6770833328125 0.5751953125 0.6631944437499999 0.5595703125 0.6631944437499999 0.5498046875 0.6423611109375 0.5400390625 0.6388888890625 0.5341796875 0.6180555562500001 0.5224609375 0.597222221875 0.5029296875 0.5798611109375 0.4951171875 0.559027778125 0.4814453125 0.5520833328125 0.4736328125 0.53125 0.4638671875 0.5243055562500001 0.4541015625 0.512152778125 0.451171875 0.503472221875 0.4462890625 0.5 0.4365234375 0.49305555625 0.4306640625 0.44097222187499996 0.3994140625 0.4375 0.3935546875 0.4270833328125 0.3896484375 0.41319444375 0.3779296875 0.40277777812500004 0.3740234375 0.36805555624999997 0.3466796875 0.34027777812500004 0.3330078125 0.30555555624999997 0.3056640625 0.2986111109375 0.3037109375 0.2916666671875 0.2958984375 0.27777777812500004 0.2880859375 0.2708333328125 0.2802734375 0.24479166718749998 0.265625 0.21006944375 0.255859375 0.203125 0.255859375 0.18923611093749998 0.25 0.1822916671875 0.25 0.15451388906250002 0.236328125 0.14236111093749998 0.2373046875 0.1354166671875 0.2451171875 0.12673611093749998 0.25 0.1145833328125 0.2529296875 0.1111111109375 0.2626953125 0.11805555625 0.2685546875 0.121527778125 0.2822265625 0.1354166671875 0.2998046875 0.1354166671875 0.3037109375 0.15625 0.3193359375 0.16319444375 0.3310546875 0.18402777812499999 0.3408203125 0.19097222187500001 0.3525390625 0.1979166671875 0.3544921875 0.20138888906250002 0.3603515625 0.24305555625 0.3935546875 0.2673611109375 0.4169921875 0.2916666671875 0.4326171875 0.30555555624999997 0.4482421875 0.3298611109375 0.4638671875 0.3333333328125 0.4697265625 0.35069444375000003 0.4794921875 0.41319444375 0.5302734375 0.4270833328125 0.5380859375 0.44097222187499996 0.5517578125 0.4548611109375 0.5595703125 0.4583333328125 0.5654296875 0.4895833328125 0.5869140625 0.503472221875 0.6005859375 0.565972221875 0.6474609375 0.5833333328125 0.6650390625 0.597222221875 0.6728515625 0.6111111109375 0.6865234375 0.6336805562500001 0.701171875 0.640625 0.703125 0.6423611109375 0.6962890625 0.6388888890625 0.6943359375 0.6354166671875 0.6728515625 0.6180555562500001 0.6611328125 0.6180555562500001 0.6572265625 0.625 0.6533203125 0.621527778125 0.6513671875 0.621527778125 0.6435546875 0.6336805562500001 0.642578125 0.6510416671875 0.65234375 0.6614583328125 0.654296875 0.6701388890625 0.6259765625 0.6822916671875 0.62109375 0.706597221875 0.630859375 0.7395833328125 0.6533203125 0.7795138890625 0.673828125 0.8142361109375 0.68359375 0.8211805562500001 0.68359375 0.828125 0.6875 0.8802083328125001 0.6953125 0.918402778125 0.705078125 0.9322916671874999 0.705078125 0.9357638890625 0.70703125 0.956597221875 0.708984375 0.980902778125 0.71875 0.9947916671874999 0.71875 1 0.7158203125 1 0.6962890625
0 0.40277777812500004 0.0673828125 0.39756944375000003 0.064453125 0.390625 0.064453125 0.38368055624999997 0.068359375 0.3732638890625 0.06640625 0.35590277812500004 0.068359375 0.3420138890625 0.05859375 0.3333333328125 0.0595703125 0.3298611109375 0.0615234375 0.3298611109375 0.0693359375 0.3454861109375 0.076171875 0.36631944375000003 0.080078125 0.3697916671875 0.078125 0.39409722187499996 0.078125 0.40277777812500004 0.0751953125 0.40277777812500004 0.0673828125
0 0.07986111093750001 0.1279296875 0.07638888906249999 0.1474609375 0.08854166718749999 0.15234375 0.09895833281250001 0.15234375 0.1076388890625 0.1591796875 0.1041666671875 0.1611328125 0.1041666671875 0.1669921875 0.08333333281250001 0.1865234375 0.08333333281250001 0.1923828125 0.065972221875 0.2060546875 0.0416666671875 0.2470703125 0.034722221875 0.2529296875 0.027777778125000003 0.2548828125 0.02430555625 0.2626953125 0.013888889062500001 0.2705078125 0.0208333328125 0.2822265625 0.0034722218749999997 0.2998046875 0.0034722218749999997 0.3115234375 0.006944443749999999 0.3134765625 0.006944443749999999 0.3193359375 0.02256944375 0.326171875 0.034722221875 0.3173828125 0.034722221875 0.3134765625 0.0451388890625 0.3115234375 0.0451388890625 0.3095703125 0.03819444375 0.3076171875 0.0416666671875 0.3037109375 0.03819444375 0.2998046875 0.0416666671875 0.2978515625 0.0416666671875 0.2841796875 0.05208333281250001 0.2783203125 0.059027778125 0.2666015625 0.0625 0.2509765625 0.06944444375 0.2470703125 0.06944444375 0.2412109375 0.07638888906249999 0.2333984375 0.07986111093750001 0.2177734375 0.08333333281250001 0.2158203125 0.07986111093750001 0.2138671875 0.08333333281250001 0.2119140625 0.08333333281250001 0.2041015625 0.08854166718749999 0.203125 0.09375 0.2001953125 0.09375 0.1962890625 0.10069444375 0.1943359375 0.1111111109375 0.1826171875 0.1111111109375 0.1748046875 0.11631944375 0.171875 0.1302083328125 0.169921875 0.13194444375 0.1650390625 0.13715277812499999 0.162109375 0.14409722187500001 0.1640625 0.15972222187500001 0.1630859375 0.15798611093749998 0.16796875 0.14236111093749998 0.1689453125 0.1614583328125 0.169921875 0.17013888906250002 0.1748046875 0.1666666671875 0.1767578125 0.17013888906250002 0.1806640625 0.1666666671875 0.1845703125 0.17013888906250002 0.1884765625 0.1666666671875 0.1923828125 0.17013888906250002 0.1982421875 0.1666666671875 0.2001953125 0.171875 0.203125 0.18923611093749998 0.203125 0.19097222187500001 0.2060546875 0.1875 0.2099609375 0.19965277812499999 0.21875 0.21354166718749998 0.21875 0.230902778125 0.2265625 0.24826388906250002 0.2265625 0.25 0.2216796875 0.2552083328125 0.21875 0.30555555624999997 0.2177734375 0.30555555624999997 0.2001953125 0.3020833328125 0.1943359375 0.30034722187499996 0.193359375 0.296875 0.197265625 0.2916666671875 0.1962890625 0.2916666671875 0.1904296875 0.3020833328125 0.1884765625 0.3020833328125 0.1806640625 0.30555555624999997 0.1787109375 0.3020833328125 0.1650390625 0.2951388890625 0.1630859375 0.2951388890625 0.1591796875 0.30555555624999997 0.1513671875 0.30555555624999997 0.1435546875 0.28125 0.1279296875 0.28125 0.1103515625 0.27430555624999997 0.0986328125 0.265625 0.099609375 0.25868055624999997 0.09375 0.2517361109375 0.09375 0.246527778125 0.0908203125 0.25 0.0849609375 0.2552083328125 0.083984375 0.2864583328125 0.09375 0.29340277812500004 0.09375 0.30902777812500004 0.1005859375 0.3107638890625 0.107421875 0.33159722187499996 0.107421875 0.3333333328125 0.0947265625 0.29340277812500004 0.0859375 0.2795138890625 0.0859375 0.246527778125 0.0771484375 0.246527778125 0.0732421875 0.25694444375000003 0.0673828125 0.25694444375000003 0.0634765625 0.2638888890625 0.0595703125 0.25868055624999997 0.046875 0.237847221875 0.046875 0.234375 0.048828125 0.22048611093749998 0.044921875 0.19444444375 0.0439453125 0.171875 0.044921875 0.16319444375 0.0498046875 0.15972222187500001 0.0673828125 0.14756944375 0.078125 0.112847221875 0.080078125 0.09375 0.0927734375 0.09375 0.1162109375 0.07986111093750001 0.1279296875
0 0.5243055562500001 0.3876953125 0.5138888890625 0.3935546875 0.5138888890625 0.4052734375 0.519097221875 0.408203125 0.5243055562500001 0.4052734375 0.5243055562500001 0.3955078125 0.527777778125 0.3935546875 0.527777778125 0.3876953125 0.5243055562500001 0.3876953125
0 0.8385416671874999 0.357421875 0.815972221875 0.3583984375 0.8055555562500001 0.3662109375 0.8055555562500001 0.3720703125 0.8107638890625 0.375 0.8177083328125001 0.376953125 0.8454861109375 0.376953125 0.8506944437499999 0.3740234375 0.847222221875 0.3623046875 0.8385416671874999 0.357421875
0 0.3645833328125 0.2568359375 0.37152777812500004 0.2470703125 0.3958333328125 0.2353515625 0.40277777812500004 0.2275390625 0.4010416671875 0.22265625 0.3854166671875 0.2236328125 0.3645833328125 0.2353515625 0.3611111109375 0.2412109375 0.3541666671875 0.2451171875 0.34722222187499996 0.2568359375 0.3489583328125 0.267578125 0.3576388890625 0.2646484375 0.3576388890625 0.2607421875 0.3645833328125 0.2568359375
0 0.4861111109375 0.2841796875 0.4826388890625 0.2783203125 0.47743055625 0.275390625 0.47222222187499996 0.2763671875 0.4583333328125 0.2822265625 0.44097222187499996 0.2998046875 0.44097222187499996 0.3095703125 0.44618055625 0.3125 0.46006944375 0.30859375 0.4826388890625 0.2919921875 0.4826388890625 0.2861328125 0.4861111109375 0.2841796875
0 0.565972221875 0.3623046875 0.5798611109375 0.3564453125 0.5868055562500001 0.3486328125 0.5868055562500001 0.3349609375 0.581597221875 0.33203125 0.5694444437499999 0.3330078125 0.5555555562500001 0.3388671875 0.527777778125 0.3642578125 0.5243055562500001 0.3798828125 0.5295138890625 0.384765625 0.546875 0.3828125 0.5520833328125 0.3798828125 0.5625 0.3701171875 0.565972221875 0.3623046875
0 0.777777778125 0.5341796875 0.7916666671875 0.5146484375 0.8055555562500001 0.5048828125 0.815972221875 0.4931640625 0.815972221875 0.4755859375 0.8107638890625 0.47265625 0.8055555562500001 0.4736328125 0.7881944437499999 0.4794921875 0.7673611109375 0.4970703125 0.753472221875 0.5048828125 0.7430555562500001 0.5166015625 0.7395833328125 0.5283203125 0.7552083328125 0.537109375 0.769097221875 0.5390625 0.777777778125 0.5341796875
0 0.6631944437499999 0.4541015625 0.6701388890625 0.4482421875 0.6736111109375 0.4384765625 0.690972221875 0.4248046875 0.690972221875 0.4189453125 0.684027778125 0.4150390625 0.6875 0.4013671875 0.6770833328125 0.4013671875 0.6631944437499999 0.4072265625 0.6388888890625 0.4248046875 0.621527778125 0.4443359375 0.6180555562500001 0.4619140625 0.6302083328125 0.466796875 0.6545138890625 0.46484375 0.6631944437499999 0.4599609375 0.6631944437499999 0.4541015625