0 0.828125 0.74609375 0.8385416671874999 0.744140625 0.8420138890625 0.74609375 0.847222221875 0.7451171875 0.8177083328125001 0.732421875 0.793402778125 0.7265625 0.7795138890625 0.71875 0.7586805562500001 0.71484375 0.7482638890625 0.708984375 0.7430555562500001 0.7099609375 0.7430555562500001 0.7138671875 0.753472221875 0.7216796875 0.7725694437499999 0.73046875 0.7795138890625 0.73046875 0.793402778125 0.736328125 0.8142361109375 0.7421875 0.8211805562500001 0.7421875 0.828125 0.74609375
0 1 0.7626953125 0.9913194437499999 0.7578125 0.9600694437499999 0.755859375 0.9461805562500001 0.75 0.9392361109375 0.75 0.9322916671874999 0.75390625 0.921875 0.75390625 0.918402778125 0.751953125 0.8767361109375 0.75 0.8732638890625 0.748046875 0.8576388890625 0.7490234375 0.8576388890625 0.7509765625 0.8663194437499999 0.75390625 0.8732638890625 0.75390625 0.8975694437499999 0.76171875 0.918402778125 0.763671875 0.953125 0.7734375 0.9635416671874999 0.779296875 0.9739583328125001 0.78125 0.9913194437499999 0.791015625 0.996527778125 0.7900390625 0.9930555562500001 0.7822265625 1 0.7802734375 1 0.7744140625 0.996527778125 0.7724609375 1 0.7705078125 1 0.7626953125
0 0.0208333328125 0.2724609375 0.0364583328125 0.27734375 0.06770833281250001 0.28125 0.07118055625 0.283203125 0.08854166718749999 0.283203125 0.109375 0.279296875 0.12673611093749998 0.271484375 0.13368055625 0.271484375 0.13888888906250002 0.2666015625 0.13888888906250002 0.2607421875 0.13194444375 0.2548828125 0.13194444375 0.2509765625 0.121527778125 0.2451171875 0.121527778125 0.2392578125 0.1145833328125 0.2294921875 0.121527778125 0.2216796875 0.11631944375 0.21875 0.112847221875 0.21875 0.109375 0.22265625 0.1076388890625 0.2216796875 0.1111111109375 0.2060546875 0.1076388890625 0.2021484375 0.08680555625 0.1923828125 0.08680555625 0.1865234375 0.08333333281250001 0.1845703125 0.08680555625 0.1748046875 0.08333333281250001 0.1708984375 0.06770833281250001 0.162109375 0.05729166718749999 0.16015625 0.050347221875 0.15625 0.0295138890625 0.15234375 0.0208333328125 0.1533203125 0.013888889062500001 0.1650390625 0.013888889062500001 0.1787109375 0.010416667187500001 0.1806640625 0.010416667187500001 0.2255859375 0.013888889062500001 0.2275390625 0.013888889062500001 0.2431640625 0.0173611109375 0.2451171875 0.0208333328125 0.2724609375
0 0.0607638890625 0.375 0.07638888906249999 0.3857421875 0.09375 0.4013671875 0.1111111109375 0.4091796875 0.1111111109375 0.4150390625 0.12673611093749998 0.421875 0.19444444375 0.4619140625 0.19444444375 0.4638671875 0.23958333281250002 0.4873046875 0.2708333328125 0.5107421875 0.3263888890625 0.5419921875 0.3541666671875 0.5615234375 0.37847222187499996 0.5732421875 0.46875 0.6318359375 0.5173611109375 0.6591796875 0.6111111109375 0.7197265625 0.628472221875 0.7333984375 0.6336805562500001 0.734375 0.6545138890625 0.748046875 0.6649305562500001 0.75 0.6666666671875 0.7412109375 0.659722221875 0.7333984375 0.6458333328125 0.7255859375 0.6354166671875 0.7138671875 0.6354166671875 0.7080078125 0.640625 0.69921875 0.6475694437499999 0.701171875 0.652777778125 0.7001953125 0.652777778125 0.6845703125 0.6493055562500001 0.6826171875 0.6510416671875 0.671875 0.671875 0.677734375 0.6892361109375 0.685546875 0.6979166671875 0.6845703125 0.6979166671875 0.6806640625 0.6770833328125 0.6611328125 0.6649305562500001 0.65625 0.6493055562500001 0.6435546875 0.6388888890625 0.6396484375 0.6388888890625 0.6357421875 0.6267361109375 0.626953125 0.5954861109375 0.611328125 0.5711805562500001 0.607421875 0.543402778125 0.59375 0.48784722187499996 0.560546875 0.4826388890625 0.5595703125 0.46180555625 0.5439453125 0.4583333328125 0.5380859375 0.44097222187499996 0.5283203125 0.42881944375 0.515625 0.41840277812500004 0.515625 0.41319444375 0.5185546875 0.4079861109375 0.529296875 0.39409722187499996 0.525390625 0.38368055624999997 0.517578125 0.3732638890625 0.515625 0.3645833328125 0.5107421875 0.3611111109375 0.5029296875 0.3489583328125 0.498046875 0.32465277812500004 0.482421875 0.3107638890625 0.478515625 0.296875 0.46875 0.28125 0.4638671875 0.27777777812500004 0.4580078125 0.26909722187499996 0.453125 0.25347222187499996 0.4482421875 0.25 0.4443359375 0.25347222187499996 0.4150390625 0.246527778125 0.4033203125 0.1979166671875 0.3720703125 0.17361111093749998 0.3525390625 0.13715277812499999 0.33203125 0.109375 0.322265625 0.09895833281250001 0.314453125 0.081597221875 0.314453125 0.078125 0.31640625 0.027777778125000003 0.3056640625 0.010416667187500001 0.3154296875 0.010416667187500001 0.3212890625 0.013888889062500001 0.3271484375 0.0208333328125 0.3310546875 0.027777778125000003 0.3505859375 0.0451388890625 0.3623046875 0.055555556250000006 0.3740234375 0.0607638890625 0.375
0 0.7100694437499999 0.130859375 0.6892361109375 0.125 0.6631944437499999 0.1259765625 0.6736111109375 0.1357421875 0.6892361109375 0.142578125 0.706597221875 0.140625 0.7395833328125 0.1318359375 0.7274305562500001 0.125 0.722222221875 0.1259765625 0.7204861109375 0.130859375 0.7100694437499999 0.130859375
0 0.13368055625 0.0703125 0.17881944375 0.072265625 0.1875 0.0751953125 0.1875 0.0810546875 0.1927083328125 0.08203125 0.21006944375 0.072265625 0.23958333281250002 0.0615234375 0.23611111093749998 0.0576171875 0.237847221875 0.0546875 0.25 0.0537109375 0.24131944375 0.046875 0.215277778125 0.0458984375 0.18923611093749998 0.05078125 0.1875 0.0556640625 0.17881944375 0.060546875 0.16493055625 0.060546875 0.14756944375 0.052734375 0.13194444375 0.0615234375 0.12847222187500001 0.0673828125 0.13368055625 0.0703125
0 0.543402778125 0.080078125 0.5329861109375 0.078125 0.512152778125 0.068359375 0.484375 0.060546875 0.47743055625 0.060546875 0.46006944375 0.052734375 0.4392361109375 0.05078125 0.4322916671875 0.046875 0.421875 0.044921875 0.41493055625 0.0390625 0.4010416671875 0.03515625 0.3611111109375 0.0361328125 0.35590277812500004 0.04296875 0.34027777812500004 0.0439453125 0.3767361109375 0.044921875 0.38715277812500004 0.048828125 0.4045138890625 0.05078125 0.543402778125 0.08984375 0.559027778125 0.0908203125 0.543402778125 0.080078125
0 0 0.1298828125 0.0052083328125 0.1328125 0.0295138890625 0.126953125 0.050347221875 0.126953125 0.053819443749999994 0.125 0.09548611093750001 0.125 0.09895833281250001 0.123046875 0.1197916671875 0.125 0.12673611093749998 0.12109375 0.14756944375 0.1171875 0.15625 0.1123046875 0.15451388906250002 0.109375 0.14409722187500001 0.109375 0.1232638890625 0.115234375 0.09548611093750001 0.115234375 0.09201388906249999 0.1171875 0.08854166718749999 0.115234375 0.043402778125 0.115234375 0.03819444375 0.1103515625 0.05208333281250001 0.1025390625 0.05208333281250001 0.0849609375 0.046875 0.083984375 0.0364583328125 0.076171875 0.03125 0.0771484375 0.02256944375 0.08203125 0.012152778125 0.08203125 0.00868055625 0.080078125 0 0.0810546875 0 0.1298828125
0 0.23958333281250002 0.2998046875 0.23958333281250002 0.2861328125 0.23611111093749998 0.2822265625 0.222222221875 0.2822265625 0.20486111093749998 0.2998046875 0.20486111093749998 0.3076171875 0.20138888906250002 0.3095703125 0.20138888906250002 0.3271484375 0.21006944375 0.333984375 0.21875 0.3330078125 0.21875 0.3154296875 0.23958333281250002 0.2998046875
0 0.3229166671875 0.3916015625 0.3263888890625 0.3779296875 0.33680555624999997 0.3642578125 0.33680555624999997 0.3466796875 0.328125 0.33984375 0.31944444375000003 0.3388671875 0.30902777812500004 0.3466796875 0.30555555624999997 0.3603515625 0.3020833328125 0.3623046875 0.3020833328125 0.3740234375 0.3125 0.3818359375 0.3125 0.3896484375 0.3177083328125 0.392578125 0.3229166671875 0.3916015625
0 0.41840277812500004 0.455078125 0.4322916671875 0.455078125 0.4375 0.4521484375 0.44097222187499996 0.4404296875 0.44444444375 0.4384765625 0.44444444375 0.4287109375 0.4513888890625 0.4208984375 0.4513888890625 0.3994140625 0.4427083328125 0.39453125 0.43402777812500004 0.3955078125 0.4236111109375 0.4013671875 0.4166666671875 0.4091796875 0.4166666671875 0.4150390625 0.40972222187499996 0.4248046875 0.40972222187499996 0.4423828125 0.41319444375 0.4443359375 0.41319444375 0.4521484375 0.41840277812500004 0.455078125
0 0.6701388890625 0.5869140625 0.6822916671875 0.59375 0.6927083328125 0.595703125 0.703125 0.595703125 0.7083333328125 0.5927734375 0.7118055562500001 0.5771484375 0.722222221875 0.5595703125 0.722222221875 0.5478515625 0.715277778125 0.5419921875 0.715277778125 0.5380859375 0.7100694437499999 0.53515625 0.7048611109375 0.5361328125 0.690972221875 0.5458984375 0.6875 0.5517578125 0.690972221875 0.5595703125 0.6822916671875 0.560546875 0.6770833328125 0.5634765625 0.6736111109375 0.5771484375 0.6701388890625 0.5791015625 0.6701388890625 0.5869140625
0 0.5642361109375 0.52734375 0.5729166671875 0.5244140625 0.5729166671875 0.5009765625 0.5798611109375 0.4912109375 0.5798611109375 0.4833984375 0.5694444437499999 0.4755859375 0.5694444437499999 0.4697265625 0.5642361109375 0.466796875 0.5520833328125 0.4677734375 0.5451388890625 0.4716796875 0.5451388890625 0.4755859375 0.534722221875 0.4853515625 0.534722221875 0.4912109375 0.53125 0.4931640625 0.53125 0.5205078125 0.546875 0.52734375 0.5642361109375 0.52734375