0 0.7431640625 0 0.7412109375 0.0034722218749999997 0.7373046875 0 0.7333984375 0.0034722218749999997 0.7138671875 0 0.7119140625 0.0034722218749999997 0.7041015625 0.0034722218749999997 0.701171875 0.012152778125 0.6875 0.0329861109375 0.68359375 0.046875 0.671875 0.0607638890625 0.669921875 0.07118055625 0.65625 0.09201388906249999 0.65234375 0.105902778125 0.6455078125 0.1111111109375 0.640625 0.1197916671875 0.638671875 0.13368055625 0.6298828125 0.13888888906250002 0.625 0.14756944375 0.623046875 0.1614583328125 0.6181640625 0.16319444375 0.609375 0.17881944375 0.607421875 0.18923611093749998 0.595703125 0.206597221875 0.59375 0.21354166718749998 0.595703125 0.21701388906250002 0.5908203125 0.22569444375 0.5869140625 0.22569444375 0.5859375 0.234375 0.572265625 0.2552083328125 0.5625 0.2795138890625 0.5625 0.296875 0.560546875 0.30034722187499996 0.5625 0.3072916671875 0.5625 0.3177083328125 0.560546875 0.32118055624999997 0.5615234375 0.3333333328125 0.5751953125 0.3333333328125 0.5869140625 0.3263888890625 0.5986328125 0.30902777812500004 0.6064453125 0.30555555624999997 0.61328125 0.2829861109375 0.6220703125 0.27777777812500004 0.625 0.26909722187499996 0.625 0.2517361109375 0.62890625 0.230902778125 0.626953125 0.22743055625 0.6337890625 0.222222221875 0.6396484375 0.222222221875 0.6455078125 0.20486111093749998 0.646484375 0.21006944375 0.6494140625 0.215277778125 0.6533203125 0.215277778125 0.6552734375 0.222222221875 0.669921875 0.22743055625 0.669921875 0.2760416671875 0.65625 0.2795138890625 0.654296875 0.32118055624999997 0.6513671875 0.3263888890625 0.6455078125 0.3263888890625 0.638671875 0.33506944375000003 0.638671875 0.359375 0.6416015625 0.3645833328125 0.6552734375 0.3645833328125 0.6591796875 0.3611111109375 0.6640625 0.3489583328125 0.6640625 0.3420138890625 0.671875 0.33159722187499996 0.673828125 0.3107638890625 0.6806640625 0.30555555624999997 0.6845703125 0.30555555624999997 0.6875 0.3107638890625 0.6884765625 0.3333333328125 0.7001953125 0.3333333328125 0.7060546875 0.34375 0.7138671875 0.34375 0.7177734375 0.35069444375000003 0.7314453125 0.34722222187499996 0.7373046875 0.33680555624999997 0.7431640625 0.3333333328125 0.8271484375 0.3333333328125 0.8291015625 0.30902777812500004 0.8505859375 0.30555555624999997 0.857421875 0.3107638890625 0.857421875 0.32465277812500004 0.8544921875 0.3298611109375 0.8466796875 0.3298611109375 0.84375 0.33506944375000003 0.84375 0.359375 0.8408203125 0.3645833328125 0.8369140625 0.3611111109375 0.830078125 0.36631944375000003 0.8310546875 0.3854166671875 0.8466796875 0.3854166671875 0.8603515625 0.3576388890625 0.8720703125 0.34375 0.875 0.33506944375000003 0.8837890625 0.3229166671875 0.8955078125 0.31944444375000003 0.9033203125 0.3125 0.921875 0.2795138890625 0.921875 0.2760416671875 0.9375 0.2517361109375 0.935546875 0.24826388906250002 0.9462890625 0.23958333281250002 0.9482421875 0.23263888906250002 0.9521484375 0.23263888906250002 0.9580078125 0.23958333281250002 0.9619140625 0.25 0.9658203125 0.25 0.96875 0.24479166718749998 0.970703125 0.22395833281250002 0.98046875 0.21006944375 0.984375 0.19965277812499999 0.984375 0.1927083328125 0.98828125 0.18576388906250002 0.990234375 0.17534722187500001 0.98828125 0.171875 0.9921875 0.16840277812499999 0.9921875 0.1197916671875 0.994140625 0.11631944375 0.994140625 0.078125 0.99609375 0.074652778125 0.99609375 0.05729166718749999 0.990234375 0.050347221875 0.994140625 0.046875 0.994140625 0.0295138890625 0.990234375 0.02256944375 0.9921875 0.012152778125 0.9892578125 0.006944443749999999 0.9658203125 0.006944443749999999 0.9638671875 0.0034722218749999997 0.9599609375 0.006944443749999999 0.9560546875 0.0034722218749999997 0.9541015625 0.006944443749999999 0.9267578125 0.006944443749999999 0.9248046875 0.0034722218749999997 0.9208984375 0.006944443749999999 0.9150390625 0.0034722218749999997 0.7666015625 0.0034722218749999997 0.7646484375 0 0.7607421875 0.0034722218749999997 0.7568359375 0 0.7431640625 0
0 0.0537109375 0.7916666671875 0.048828125 0.800347221875 0.0498046875 0.8020833328125001 0.0537109375 0.809027778125 0.0634765625 0.809027778125 0.068359375 0.8038194437499999 0.0703125 0.796875 0.0634765625 0.7743055562500001 0.060546875 0.7760416671875 0.05859375 0.7864583328125 0.0537109375 0.7916666671875
0 0.15234375 0.48090277812500004 0.1533203125 0.4895833328125 0.18359375 0.453125 0.18359375 0.4427083328125 0.1796875 0.421875 0.1767578125 0.4166666671875 0.173828125 0.41840277812500004 0.16796875 0.4427083328125 0.15625 0.4670138890625 0.15234375 0.48090277812500004
0 0.0693359375 0.9479166671874999 0.0751953125 0.9583333328125001 0.0810546875 0.9583333328125001 0.0859375 0.9010416671874999 0.0908203125 0.8958333328125001 0.091796875 0.890625 0.08203125 0.8767361109375 0.0810546875 0.8680555562500001 0.0732421875 0.878472221875 0.0703125 0.8767361109375 0.068359375 0.8697916671874999 0.0673828125 0.84375 0.0634765625 0.84375 0.060546875 0.8524305562500001 0.0615234375 0.8819444437499999 0.064453125 0.887152778125 0.064453125 0.9010416671874999 0.0693359375 0.902777778125 0.07421875 0.9114583328125001 0.07421875 0.921875 0.0625 0.9392361109375 0.0654296875 0.9479166671874999 0.0693359375 0.9479166671874999
0 0.1357421875 0.5243055562500001 0.1337890625 0.5243055562500001 0.123046875 0.550347221875 0.115234375 0.5607638890625 0.11328125 0.5711805562500001 0.103515625 0.5920138890625 0.1015625 0.609375 0.087890625 0.6336805562500001 0.080078125 0.6545138890625 0.076171875 0.6579861109375 0.07421875 0.668402778125 0.06640625 0.6857638890625 0.05859375 0.7135416671875 0.0595703125 0.75 0.0625 0.7517361109375 0.064453125 0.730902778125 0.08203125 0.675347221875 0.109375 0.609375 0.11328125 0.5920138890625 0.125 0.5677083328125 0.134765625 0.5364583328125 0.1357421875 0.5243055562500001
0 0.3330078125 0.934027778125 0.3193359375 0.934027778125 0.31640625 0.9392361109375 0.3173828125 0.940972221875 0.3251953125 0.9548611109375 0.3369140625 0.965277778125 0.3583984375 0.965277778125 0.361328125 0.9600694437499999 0.3583984375 0.9513888890625 0.3486328125 0.9513888890625 0.3427734375 0.940972221875 0.3330078125 0.934027778125
0 0.4365234375 0.8611111109375 0.4326171875 0.8645833328125001 0.4189453125 0.8645833328125001 0.4169921875 0.8611111109375 0.3974609375 0.8576388890625 0.3955078125 0.8611111109375 0.3896484375 0.8611111109375 0.384765625 0.8697916671874999 0.3857421875 0.875 0.3916015625 0.8819444437499999 0.3994140625 0.8819444437499999 0.4013671875 0.8854166671874999 0.4208984375 0.8854166671874999 0.4306640625 0.875 0.4365234375 0.875 0.439453125 0.8663194437499999 0.4365234375 0.8611111109375
0 0.4521484375 0.784722221875 0.4638671875 0.7986111109375 0.4931640625 0.7986111109375 0.501953125 0.7864583328125 0.501953125 0.7795138890625 0.4970703125 0.7708333328125 0.4541015625 0.7673611109375 0.451171875 0.7725694437499999 0.4521484375 0.784722221875
0 0.6396484375 0.5555555562500001 0.6376953125 0.5520833328125 0.6240234375 0.5520833328125 0.6181640625 0.5625 0.6142578125 0.5625 0.6142578125 0.5694444437499999 0.6279296875 0.5868055562500001 0.6533203125 0.5868055562500001 0.6611328125 0.5798611109375 0.66796875 0.5677083328125 0.66796875 0.5607638890625 0.6513671875 0.559027778125 0.6494140625 0.5555555562500001 0.6396484375 0.5555555562500001
0 0.5400390625 0.6736111109375 0.5322265625 0.6736111109375 0.529296875 0.6788194437499999 0.5302734375 0.684027778125 0.5322265625 0.690972221875 0.5439453125 0.6979166671875 0.5712890625 0.6979166671875 0.583984375 0.6857638890625 0.5859375 0.668402778125 0.5537109375 0.6666666671875 0.5517578125 0.6631944437499999 0.5400390625 0.6736111109375
0 0.4482421875 1 0.4501953125 0.996527778125 0.4560546875 0.996527778125 0.5166015625 0.9166666671874999 0.5458984375 0.8854166671874999 0.5927734375 0.8229166671874999 0.7646484375 0.6180555562500001 0.765625 0.605902778125 0.7587890625 0.5868055562500001 0.7470703125 0.5868055562500001 0.740234375 0.581597221875 0.740234375 0.578125 0.75 0.5642361109375 0.7578125 0.543402778125 0.7548828125 0.5381944437499999 0.7490234375 0.5381944437499999 0.7333984375 0.559027778125 0.7236328125 0.565972221875 0.7158203125 0.5798611109375 0.7060546875 0.5833333328125 0.7001953125 0.59375 0.6943359375 0.597222221875 0.6865234375 0.6145833328125 0.6689453125 0.6354166671875 0.66015625 0.6579861109375 0.6455078125 0.6805555562500001 0.5966796875 0.7395833328125 0.5791015625 0.753472221875 0.5732421875 0.7638888890625 0.5673828125 0.7673611109375 0.5625 0.7760416671875 0.564453125 0.796875 0.5537109375 0.8194444437499999 0.5322265625 0.840277778125 0.4794921875 0.9131944437499999 0.4716796875 0.9201388890625 0.4658203125 0.9131944437499999 0.4541015625 0.9131944437499999 0.4521484375 0.909722221875 0.4345703125 0.9131944437499999 0.4306640625 0.9166666671874999 0.4287109375 0.9236111109375 0.4111328125 0.940972221875 0.4033203125 0.9548611109375 0.3818359375 0.9756944437499999 0.3740234375 0.9861111109375 0.369140625 0.9947916671874999 0.3701171875 0.996527778125 0.3720703125 1 0.3974609375 1 0.3994140625 0.996527778125 0.4072265625 0.996527778125 0.4091796875 1 0.4111328125 0.996527778125 0.4365234375 0.996527778125 0.4384765625 1 0.4482421875 1
0 0.3388671875 0.8125 0.3447265625 0.8125 0.34765625 0.8072916671874999 0.34765625 0.796875 0.3427734375 0.7881944437499999 0.3359375 0.796875 0.3369140625 0.809027778125 0.3388671875 0.8125
0 0.359375 0.730902778125 0.3603515625 0.75 0.3681640625 0.7673611109375 0.3740234375 0.7638888890625 0.388671875 0.7274305562500001 0.38671875 0.7135416671875 0.3837890625 0.7083333328125 0.3720703125 0.7083333328125 0.365234375 0.7239583328125 0.359375 0.730902778125