0 0.972222221875 0.6826171875 0.972222221875 0.6943359375 0.965277778125 0.6982421875 0.965277778125 0.7021484375 0.972222221875 0.7041015625 0.972222221875 0.7119140625 0.9791666671874999 0.7119140625 0.9826388890625 0.6962890625 0.9895833328125001 0.6865234375 0.980902778125 0.6796875 0.972222221875 0.6826171875
0 0 0.3037109375 0.006944443749999999 0.3076171875 0.00868055625 0.341796875 0.03819444375 0.3408203125 0.0416666671875 0.3310546875 0.034722221875 0.3271484375 0.03125 0.3212890625 0.03993055625 0.314453125 0.046875 0.314453125 0.05729166718749999 0.30859375 0.081597221875 0.30859375 0.090277778125 0.3115234375 0.081597221875 0.314453125 0.059027778125 0.3154296875 0.08854166718749999 0.318359375 0.090277778125 0.3193359375 0.08506944375 0.3203125 0.07986111093750001 0.3251953125 0.08506944375 0.328125 0.109375 0.328125 0.112847221875 0.32421875 0.1232638890625 0.328125 0.13715277812499999 0.328125 0.13888888906250002 0.3193359375 0.14409722187500001 0.318359375 0.16840277812499999 0.32421875 0.17881944375 0.330078125 0.18576388906250002 0.330078125 0.1927083328125 0.333984375 0.203125 0.3359375 0.22395833281250002 0.345703125 0.24826388906250002 0.3515625 0.25694444375000003 0.3701171875 0.27777777812500004 0.3779296875 0.28125 0.3916015625 0.30555555624999997 0.4072265625 0.3125 0.4189453125 0.3229166671875 0.4248046875 0.33680555624999997 0.4404296875 0.33680555624999997 0.4501953125 0.3576388890625 0.4599609375 0.3611111109375 0.4658203125 0.38194444375000003 0.4775390625 0.40277777812500004 0.4970703125 0.4201388890625 0.5048828125 0.44097222187499996 0.5185546875 0.4479166671875 0.5263671875 0.46875 0.5361328125 0.47569444375 0.5458984375 0.48784722187499996 0.548828125 0.49652777812500004 0.5537109375 0.5 0.5634765625 0.5069444437499999 0.5693359375 0.559027778125 0.6005859375 0.5625 0.6064453125 0.5729166671875 0.6103515625 0.5868055562500001 0.6220703125 0.597222221875 0.6259765625 0.6319444437499999 0.6533203125 0.659722221875 0.6669921875 0.6944444437499999 0.6943359375 0.7013888890625 0.6962890625 0.7083333328125 0.7041015625 0.722222221875 0.7119140625 0.7291666671875 0.7197265625 0.7552083328125 0.734375 0.7899305562500001 0.744140625 0.796875 0.744140625 0.8107638890625 0.75 0.8177083328125001 0.75 0.8454861109375 0.763671875 0.8576388890625 0.7626953125 0.8645833328125001 0.7548828125 0.8732638890625 0.75 0.8854166671874999 0.7470703125 0.8888888890625 0.7373046875 0.8819444437499999 0.7314453125 0.878472221875 0.7177734375 0.8645833328125001 0.7001953125 0.8645833328125001 0.6962890625 0.84375 0.6806640625 0.8368055562500001 0.6689453125 0.815972221875 0.6591796875 0.809027778125 0.6474609375 0.8020833328125001 0.6455078125 0.7986111109375 0.6396484375 0.7569444437499999 0.6064453125 0.7326388890625 0.5830078125 0.7083333328125 0.5673828125 0.6944444437499999 0.5517578125 0.6701388890625 0.5361328125 0.6666666671875 0.5302734375 0.6493055562500001 0.5205078125 0.5868055562500001 0.4697265625 0.5729166671875 0.4619140625 0.559027778125 0.4482421875 0.5451388890625 0.4404296875 0.5416666671875 0.4345703125 0.5104166671875 0.4130859375 0.49652777812500004 0.3994140625 0.43402777812500004 0.3525390625 0.4166666671875 0.3349609375 0.40277777812500004 0.3271484375 0.3888888890625 0.3134765625 0.36631944375000003 0.298828125 0.359375 0.296875 0.3576388890625 0.3037109375 0.3611111109375 0.3056640625 0.3645833328125 0.3271484375 0.38194444375000003 0.3388671875 0.38194444375000003 0.3427734375 0.375 0.3466796875 0.37847222187499996 0.3486328125 0.37847222187499996 0.3564453125 0.36631944375000003 0.357421875 0.3489583328125 0.34765625 0.3385416671875 0.345703125 0.3298611109375 0.3740234375 0.3177083328125 0.37890625 0.29340277812500004 0.369140625 0.2604166671875 0.3466796875 0.22048611093749998 0.326171875 0.18576388906250002 0.31640625 0.17881944375 0.31640625 0.171875 0.3125 0.1197916671875 0.3046875 0.081597221875 0.294921875 0.06770833281250001 0.294921875 0.06423611093750001 0.29296875 0.043402778125 0.291015625 0.019097221875 0.28125 0.0052083328125 0.28125 0 0.2841796875 0 0.3037109375
0 0.6336805562500001 0.919921875 0.6302083328125 0.921875 0.605902778125 0.921875 0.597222221875 0.9248046875 0.597222221875 0.9326171875 0.6024305562500001 0.935546875 0.609375 0.935546875 0.6163194437499999 0.931640625 0.6267361109375 0.93359375 0.644097221875 0.931640625 0.6579861109375 0.94140625 0.6666666671875 0.9404296875 0.6701388890625 0.9384765625 0.6701388890625 0.9306640625 0.6545138890625 0.923828125 0.6336805562500001 0.919921875
0 0.8524305562500001 0.921875 0.887152778125 0.919921875 0.90625 0.9072265625 0.90625 0.8837890625 0.9201388890625 0.8720703125 0.9236111109375 0.8525390625 0.9114583328125001 0.84765625 0.9010416671874999 0.84765625 0.8923611109375 0.8408203125 0.8958333328125001 0.8388671875 0.8958333328125001 0.8330078125 0.9166666671874999 0.8134765625 0.9166666671874999 0.8076171875 0.934027778125 0.7939453125 0.9583333328125001 0.7529296875 0.965277778125 0.7470703125 0.972222221875 0.7451171875 0.9756944437499999 0.7373046875 0.9861111109375 0.7294921875 0.9791666671874999 0.7177734375 0.996527778125 0.7001953125 0.996527778125 0.6884765625 0.9930555562500001 0.6865234375 0.9930555562500001 0.6806640625 0.9774305562500001 0.673828125 0.965277778125 0.6826171875 0.965277778125 0.6865234375 0.9548611109375 0.6884765625 0.9548611109375 0.6904296875 0.9618055562500001 0.6923828125 0.9583333328125001 0.6962890625 0.9618055562500001 0.7001953125 0.9583333328125001 0.7021484375 0.9583333328125001 0.7158203125 0.9479166671874999 0.7216796875 0.940972221875 0.7333984375 0.9375 0.7490234375 0.9305555562500001 0.7529296875 0.9305555562500001 0.7587890625 0.9236111109375 0.7666015625 0.9201388890625 0.7822265625 0.9166666671874999 0.7841796875 0.9201388890625 0.7861328125 0.9166666671874999 0.7880859375 0.9166666671874999 0.7958984375 0.9114583328125001 0.796875 0.90625 0.7998046875 0.90625 0.8037109375 0.8993055562500001 0.8056640625 0.8888888890625 0.8173828125 0.8888888890625 0.8251953125 0.8836805562500001 0.828125 0.8697916671874999 0.830078125 0.8680555562500001 0.8349609375 0.862847221875 0.837890625 0.855902778125 0.8359375 0.840277778125 0.8369140625 0.8420138890625 0.83203125 0.8576388890625 0.8310546875 0.8385416671874999 0.830078125 0.8298611109375 0.8251953125 0.8333333328125001 0.8232421875 0.8298611109375 0.8193359375 0.8333333328125001 0.8154296875 0.8298611109375 0.8115234375 0.8333333328125001 0.8076171875 0.8298611109375 0.8017578125 0.8333333328125001 0.7998046875 0.828125 0.796875 0.8107638890625 0.796875 0.809027778125 0.7939453125 0.8125 0.7900390625 0.800347221875 0.78125 0.7864583328125 0.78125 0.769097221875 0.7734375 0.7517361109375 0.7734375 0.75 0.7783203125 0.7447916671875 0.78125 0.6944444437499999 0.7822265625 0.6944444437499999 0.7998046875 0.6979166671875 0.8056640625 0.699652778125 0.806640625 0.703125 0.802734375 0.7083333328125 0.8037109375 0.7083333328125 0.8095703125 0.6979166671875 0.8115234375 0.6979166671875 0.8193359375 0.6944444437499999 0.8212890625 0.6979166671875 0.8349609375 0.7048611109375 0.8369140625 0.7048611109375 0.8408203125 0.6944444437499999 0.8486328125 0.6944444437499999 0.8564453125 0.71875 0.8720703125 0.71875 0.8896484375 0.7256944437499999 0.9013671875 0.734375 0.900390625 0.7413194437499999 0.90625 0.7482638890625 0.90625 0.753472221875 0.9091796875 0.75 0.9150390625 0.7447916671875 0.916015625 0.7135416671875 0.90625 0.706597221875 0.90625 0.690972221875 0.8994140625 0.6892361109375 0.892578125 0.668402778125 0.892578125 0.6666666671875 0.9052734375 0.706597221875 0.9140625 0.7204861109375 0.9140625 0.753472221875 0.9228515625 0.753472221875 0.9267578125 0.7430555562500001 0.9326171875 0.7430555562500001 0.9365234375 0.7361111109375 0.9404296875 0.7413194437499999 0.953125 0.762152778125 0.953125 0.765625 0.951171875 0.7795138890625 0.955078125 0.8055555562500001 0.9560546875 0.828125 0.955078125 0.8368055562500001 0.9501953125 0.840277778125 0.9326171875 0.8524305562500001 0.921875
0 0.47569444375 0.5947265625 0.47569444375 0.6044921875 0.47222222187499996 0.6064453125 0.47222222187499996 0.6123046875 0.47569444375 0.6123046875 0.4861111109375 0.6064453125 0.4861111109375 0.5947265625 0.48090277812500004 0.591796875 0.47569444375 0.5947265625
0 0.1822916671875 0.623046875 0.15451388906250002 0.623046875 0.14930555625 0.6259765625 0.15277777812499999 0.6376953125 0.1614583328125 0.642578125 0.18402777812499999 0.6416015625 0.19444444375 0.6337890625 0.19444444375 0.6279296875 0.18923611093749998 0.625 0.1822916671875 0.623046875
0 0.652777778125 0.7431640625 0.6510416671875 0.732421875 0.6423611109375 0.7353515625 0.6423611109375 0.7392578125 0.6354166671875 0.7431640625 0.628472221875 0.7529296875 0.6041666671875 0.7646484375 0.597222221875 0.7724609375 0.5989583328125 0.77734375 0.6145833328125 0.7763671875 0.6354166671875 0.7646484375 0.6388888890625 0.7587890625 0.6458333328125 0.7548828125 0.652777778125 0.7431640625
0 0.5538194437499999 0.6875 0.5399305562500001 0.69140625 0.5173611109375 0.7080078125 0.5173611109375 0.7138671875 0.5138888890625 0.7158203125 0.5173611109375 0.7216796875 0.5225694437499999 0.724609375 0.527777778125 0.7236328125 0.5416666671875 0.7177734375 0.559027778125 0.7001953125 0.559027778125 0.6904296875 0.5538194437499999 0.6875
0 0.4704861109375 0.615234375 0.453125 0.6171875 0.4479166671875 0.6201171875 0.4375 0.6298828125 0.43402777812500004 0.6376953125 0.4201388890625 0.6435546875 0.41319444375 0.6513671875 0.41319444375 0.6650390625 0.41840277812500004 0.66796875 0.43055555625 0.6669921875 0.44444444375 0.6611328125 0.47222222187499996 0.6357421875 0.47569444375 0.6201171875 0.4704861109375 0.615234375
0 0.25694444375000003 0.4833984375 0.2604166671875 0.4716796875 0.24479166718749998 0.462890625 0.230902778125 0.4609375 0.222222221875 0.4658203125 0.20833333281250002 0.4853515625 0.19444444375 0.4951171875 0.18402777812499999 0.5068359375 0.18402777812499999 0.5244140625 0.18923611093749998 0.52734375 0.19444444375 0.5263671875 0.21180555625 0.5205078125 0.23263888906250002 0.5029296875 0.246527778125 0.4951171875 0.25694444375000003 0.4833984375
0 0.38194444375000003 0.5380859375 0.3697916671875 0.533203125 0.3454861109375 0.53515625 0.33680555624999997 0.5400390625 0.33680555624999997 0.5458984375 0.3298611109375 0.5517578125 0.3263888890625 0.5615234375 0.30902777812500004 0.5751953125 0.30902777812500004 0.5810546875 0.31597222187499996 0.5849609375 0.3125 0.5986328125 0.3229166671875 0.5986328125 0.33680555624999997 0.5927734375 0.3611111109375 0.5751953125 0.37847222187499996 0.5556640625 0.38194444375000003 0.5380859375