0 0 0.2568359375 0.0034722218749999997 0.2587890625 0 0.2626953125 0.0034722218749999997 0.2666015625 0 0.2861328125 0.0034722218749999997 0.2880859375 0.0034722218749999997 0.2958984375 0.012152778125 0.298828125 0.0329861109375 0.3125 0.046875 0.31640625 0.0607638890625 0.328125 0.07118055625 0.330078125 0.09201388906249999 0.34375 0.105902778125 0.34765625 0.1111111109375 0.3544921875 0.1197916671875 0.359375 0.13368055625 0.361328125 0.13888888906250002 0.3701171875 0.14756944375 0.375 0.1614583328125 0.376953125 0.16319444375 0.3818359375 0.17881944375 0.390625 0.18923611093749998 0.392578125 0.206597221875 0.404296875 0.21354166718749998 0.40625 0.21701388906250002 0.404296875 0.22569444375 0.4091796875 0.22569444375 0.4130859375 0.234375 0.4140625 0.2552083328125 0.427734375 0.2795138890625 0.4375 0.296875 0.4375 0.30034722187499996 0.439453125 0.3072916671875 0.4375 0.3177083328125 0.4375 0.32118055624999997 0.439453125 0.3333333328125 0.4384765625 0.3333333328125 0.4248046875 0.3263888890625 0.4130859375 0.30902777812500004 0.4013671875 0.30555555624999997 0.3935546875 0.2829861109375 0.38671875 0.27777777812500004 0.3779296875 0.26909722187499996 0.375 0.2517361109375 0.375 0.230902778125 0.37109375 0.22743055625 0.373046875 0.222222221875 0.3662109375 0.222222221875 0.3603515625 0.20486111093749998 0.3544921875 0.21006944375 0.353515625 0.215277778125 0.3505859375 0.215277778125 0.3466796875 0.222222221875 0.3447265625 0.22743055625 0.330078125 0.2760416671875 0.330078125 0.2795138890625 0.34375 0.32118055624999997 0.345703125 0.3263888890625 0.3486328125 0.3263888890625 0.3544921875 0.33506944375000003 0.361328125 0.359375 0.361328125 0.3645833328125 0.3583984375 0.3645833328125 0.3447265625 0.3611111109375 0.3408203125 0.3489583328125 0.3359375 0.3420138890625 0.3359375 0.33159722187499996 0.328125 0.3107638890625 0.326171875 0.30555555624999997 0.3193359375 0.30555555624999997 0.3154296875 0.3107638890625 0.3125 0.3333333328125 0.3115234375 0.3333333328125 0.2998046875 0.34375 0.2939453125 0.34375 0.2861328125 0.35069444375000003 0.2822265625 0.34722222187499996 0.2685546875 0.33680555624999997 0.2626953125 0.3333333328125 0.2568359375 0.3333333328125 0.1728515625 0.30902777812500004 0.1708984375 0.30555555624999997 0.1494140625 0.3107638890625 0.142578125 0.32465277812500004 0.142578125 0.3298611109375 0.1455078125 0.3298611109375 0.1533203125 0.33506944375000003 0.15625 0.359375 0.15625 0.3645833328125 0.1591796875 0.3611111109375 0.1630859375 0.36631944375000003 0.169921875 0.3854166671875 0.1689453125 0.3854166671875 0.1533203125 0.3576388890625 0.1396484375 0.34375 0.1279296875 0.33506944375000003 0.125 0.3229166671875 0.1162109375 0.31944444375000003 0.1044921875 0.3125 0.0966796875 0.2795138890625 0.078125 0.2760416671875 0.078125 0.2517361109375 0.0625 0.24826388906250002 0.064453125 0.23958333281250002 0.0537109375 0.23263888906250002 0.0517578125 0.23263888906250002 0.0478515625 0.23958333281250002 0.0419921875 0.25 0.0380859375 0.25 0.0341796875 0.24479166718749998 0.03125 0.22395833281250002 0.029296875 0.21006944375 0.01953125 0.19965277812499999 0.015625 0.1927083328125 0.015625 0.18576388906250002 0.01171875 0.17534722187500001 0.009765625 0.171875 0.01171875 0.16840277812499999 0.0078125 0.1197916671875 0.0078125 0.11631944375 0.005859375 0.078125 0.005859375 0.074652778125 0.00390625 0.05729166718749999 0.00390625 0.050347221875 0.009765625 0.046875 0.005859375 0.0295138890625 0.005859375 0.02256944375 0.009765625 0.012152778125 0.0078125 0.006944443749999999 0.0107421875 0.006944443749999999 0.0341796875 0.0034722218749999997 0.0361328125 0.006944443749999999 0.0400390625 0.0034722218749999997 0.0439453125 0.006944443749999999 0.0458984375 0.006944443749999999 0.0732421875 0.0034722218749999997 0.0751953125 0.006944443749999999 0.0791015625 0.0034722218749999997 0.0849609375 0.0034722218749999997 0.2333984375 0 0.2353515625 0.0034722218749999997 0.2392578125 0 0.2431640625 0 0.2568359375
0 0.796875 0.9296875 0.7743055562500001 0.9365234375 0.7760416671875 0.939453125 0.7864583328125 0.94140625 0.7916666671875 0.9462890625 0.800347221875 0.951171875 0.8020833328125001 0.9501953125 0.809027778125 0.9462890625 0.809027778125 0.9365234375 0.8038194437499999 0.931640625 0.796875 0.9296875
0 0.4166666671875 0.8232421875 0.41840277812500004 0.826171875 0.4427083328125 0.83203125 0.4670138890625 0.84375 0.48090277812500004 0.84765625 0.4895833328125 0.8466796875 0.453125 0.81640625 0.4427083328125 0.81640625 0.421875 0.8203125 0.4166666671875 0.8232421875
0 0.9114583328125001 0.92578125 0.921875 0.92578125 0.9392361109375 0.9375 0.9479166671874999 0.9345703125 0.9479166671874999 0.9306640625 0.9583333328125001 0.9248046875 0.9583333328125001 0.9189453125 0.9010416671874999 0.9140625 0.8958333328125001 0.9091796875 0.890625 0.908203125 0.8767361109375 0.91796875 0.8680555562500001 0.9189453125 0.878472221875 0.9267578125 0.8767361109375 0.9296875 0.8697916671874999 0.931640625 0.84375 0.9326171875 0.84375 0.9365234375 0.8524305562500001 0.939453125 0.8819444437499999 0.9384765625 0.887152778125 0.935546875 0.9010416671874999 0.935546875 0.902777778125 0.9306640625 0.9114583328125001 0.92578125
0 0.609375 0.890625 0.5920138890625 0.88671875 0.5677083328125 0.875 0.5364583328125 0.865234375 0.5243055562500001 0.8642578125 0.5243055562500001 0.8662109375 0.550347221875 0.876953125 0.5607638890625 0.884765625 0.5711805562500001 0.88671875 0.5920138890625 0.896484375 0.609375 0.8984375 0.6336805562500001 0.912109375 0.6545138890625 0.919921875 0.6579861109375 0.923828125 0.668402778125 0.92578125 0.6857638890625 0.93359375 0.7135416671875 0.94140625 0.75 0.9404296875 0.7517361109375 0.9375 0.730902778125 0.935546875 0.675347221875 0.91796875 0.609375 0.890625
0 0.9600694437499999 0.638671875 0.9513888890625 0.6416015625 0.9513888890625 0.6513671875 0.940972221875 0.6572265625 0.934027778125 0.6669921875 0.934027778125 0.6806640625 0.9392361109375 0.68359375 0.940972221875 0.6826171875 0.9548611109375 0.6748046875 0.965277778125 0.6630859375 0.965277778125 0.6416015625 0.9600694437499999 0.638671875
0 0.8854166671874999 0.5791015625 0.875 0.5693359375 0.875 0.5634765625 0.8663194437499999 0.560546875 0.8611111109375 0.5634765625 0.8645833328125001 0.5673828125 0.8645833328125001 0.5810546875 0.8611111109375 0.5830078125 0.8576388890625 0.6025390625 0.8611111109375 0.6044921875 0.8611111109375 0.6103515625 0.8697916671874999 0.615234375 0.875 0.6142578125 0.8819444437499999 0.6083984375 0.8819444437499999 0.6005859375 0.8854166671874999 0.5986328125 0.8854166671874999 0.5791015625
0 0.7795138890625 0.498046875 0.7708333328125 0.5029296875 0.7673611109375 0.5458984375 0.7725694437499999 0.548828125 0.784722221875 0.5478515625 0.7986111109375 0.5361328125 0.7986111109375 0.5068359375 0.7864583328125 0.498046875 0.7795138890625 0.498046875
0 0.5677083328125 0.33203125 0.5607638890625 0.33203125 0.559027778125 0.3486328125 0.5555555562500001 0.3505859375 0.5555555562500001 0.3603515625 0.5520833328125 0.3623046875 0.5520833328125 0.3759765625 0.5625 0.3818359375 0.5625 0.3857421875 0.5694444437499999 0.3857421875 0.5868055562500001 0.3720703125 0.5868055562500001 0.3466796875 0.5798611109375 0.3388671875 0.5677083328125 0.33203125
0 0.6857638890625 0.416015625 0.668402778125 0.4140625 0.6666666671875 0.4462890625 0.6631944437499999 0.4482421875 0.6736111109375 0.4599609375 0.6736111109375 0.4677734375 0.6788194437499999 0.470703125 0.684027778125 0.4697265625 0.690972221875 0.4677734375 0.6979166671875 0.4560546875 0.6979166671875 0.4287109375 0.6857638890625 0.416015625
0 1 0.5517578125 0.996527778125 0.5498046875 0.996527778125 0.5439453125 0.9166666671874999 0.4833984375 0.8854166671874999 0.4541015625 0.8229166671874999 0.4072265625 0.6180555562500001 0.2353515625 0.605902778125 0.234375 0.5868055562500001 0.2412109375 0.5868055562500001 0.2529296875 0.581597221875 0.259765625 0.578125 0.259765625 0.5642361109375 0.25 0.543402778125 0.2421875 0.5381944437499999 0.2451171875 0.5381944437499999 0.2509765625 0.559027778125 0.2666015625 0.565972221875 0.2763671875 0.5798611109375 0.2841796875 0.5833333328125 0.2939453125 0.59375 0.2998046875 0.597222221875 0.3056640625 0.6145833328125 0.3134765625 0.6354166671875 0.3310546875 0.6579861109375 0.33984375 0.6805555562500001 0.3544921875 0.7395833328125 0.4033203125 0.753472221875 0.4208984375 0.7638888890625 0.4267578125 0.7673611109375 0.4326171875 0.7760416671875 0.4375 0.796875 0.435546875 0.8194444437499999 0.4462890625 0.840277778125 0.4677734375 0.9131944437499999 0.5205078125 0.9201388890625 0.5283203125 0.9131944437499999 0.5341796875 0.9131944437499999 0.5458984375 0.909722221875 0.5478515625 0.9131944437499999 0.5654296875 0.9166666671874999 0.5693359375 0.9236111109375 0.5712890625 0.940972221875 0.5888671875 0.9548611109375 0.5966796875 0.9756944437499999 0.6181640625 0.9861111109375 0.6259765625 0.9947916671874999 0.630859375 0.996527778125 0.6298828125 1 0.6279296875 1 0.6025390625 0.996527778125 0.6005859375 0.996527778125 0.5927734375 1 0.5908203125 0.996527778125 0.5888671875 0.996527778125 0.5634765625 1 0.5615234375 1 0.5517578125
0 0.796875 0.65234375 0.7881944437499999 0.6572265625 0.796875 0.6640625 0.809027778125 0.6630859375 0.8125 0.6611328125 0.8125 0.6552734375 0.8072916671874999 0.65234375 0.796875 0.65234375
0 0.7135416671875 0.61328125 0.7083333328125 0.6162109375 0.7083333328125 0.6279296875 0.7239583328125 0.634765625 0.730902778125 0.640625 0.75 0.6396484375 0.7673611109375 0.6318359375 0.7638888890625 0.6259765625 0.7274305562500001 0.611328125 0.7135416671875 0.61328125