0 0.74609375 0.171875 0.744140625 0.1614583328125 0.74609375 0.15798611093749998 0.7451171875 0.15277777812499999 0.732421875 0.1822916671875 0.7265625 0.206597221875 0.71875 0.22048611093749998 0.71484375 0.24131944375 0.708984375 0.2517361109375 0.7099609375 0.25694444375000003 0.7138671875 0.25694444375000003 0.7216796875 0.246527778125 0.73046875 0.22743055625 0.73046875 0.22048611093749998 0.736328125 0.206597221875 0.7421875 0.18576388906250002 0.7421875 0.17881944375 0.74609375 0.171875
0 0.7626953125 0 0.7578125 0.00868055625 0.755859375 0.03993055625 0.75 0.053819443749999994 0.75 0.0607638890625 0.75390625 0.06770833281250001 0.75390625 0.078125 0.751953125 0.081597221875 0.75 0.1232638890625 0.748046875 0.12673611093749998 0.7490234375 0.14236111093749998 0.7509765625 0.14236111093749998 0.75390625 0.13368055625 0.75390625 0.12673611093749998 0.76171875 0.10243055625 0.763671875 0.081597221875 0.7734375 0.046875 0.779296875 0.0364583328125 0.78125 0.0260416671875 0.791015625 0.00868055625 0.7900390625 0.0034722218749999997 0.7822265625 0.006944443749999999 0.7802734375 0 0.7744140625 0 0.7724609375 0.0034722218749999997 0.7705078125 0 0.7626953125 0
0 0.2724609375 0.9791666671874999 0.27734375 0.9635416671874999 0.28125 0.9322916671874999 0.283203125 0.9288194437499999 0.283203125 0.9114583328125001 0.279296875 0.890625 0.271484375 0.8732638890625 0.271484375 0.8663194437499999 0.2666015625 0.8611111109375 0.2607421875 0.8611111109375 0.2548828125 0.8680555562500001 0.2509765625 0.8680555562500001 0.2451171875 0.878472221875 0.2392578125 0.878472221875 0.2294921875 0.8854166671874999 0.2216796875 0.878472221875 0.21875 0.8836805562500001 0.21875 0.887152778125 0.22265625 0.890625 0.2216796875 0.8923611109375 0.2060546875 0.8888888890625 0.2021484375 0.8923611109375 0.1923828125 0.9131944437499999 0.1865234375 0.9131944437499999 0.1845703125 0.9166666671874999 0.1748046875 0.9131944437499999 0.1708984375 0.9166666671874999 0.162109375 0.9322916671874999 0.16015625 0.9427083328125001 0.15625 0.949652778125 0.15234375 0.9704861109375 0.1533203125 0.9791666671874999 0.1650390625 0.9861111109375 0.1787109375 0.9861111109375 0.1806640625 0.9895833328125001 0.2255859375 0.9895833328125001 0.2275390625 0.9861111109375 0.2431640625 0.9861111109375 0.2451171875 0.9826388890625 0.2724609375 0.9791666671874999
0 0.375 0.9392361109375 0.3857421875 0.9236111109375 0.4013671875 0.90625 0.4091796875 0.8888888890625 0.4150390625 0.8888888890625 0.421875 0.8732638890625 0.4619140625 0.8055555562500001 0.4638671875 0.8055555562500001 0.4873046875 0.7604166671875 0.5107421875 0.7291666671875 0.5419921875 0.6736111109375 0.5615234375 0.6458333328125 0.5732421875 0.621527778125 0.6318359375 0.53125 0.6591796875 0.4826388890625 0.7197265625 0.3888888890625 0.7333984375 0.37152777812500004 0.734375 0.36631944375000003 0.748046875 0.3454861109375 0.75 0.33506944375000003 0.7412109375 0.3333333328125 0.7333984375 0.34027777812500004 0.7255859375 0.3541666671875 0.7138671875 0.3645833328125 0.7080078125 0.3645833328125 0.69921875 0.359375 0.701171875 0.35243055624999997 0.7001953125 0.34722222187499996 0.6845703125 0.34722222187499996 0.6826171875 0.35069444375000003 0.671875 0.3489583328125 0.677734375 0.328125 0.685546875 0.3107638890625 0.6845703125 0.3020833328125 0.6806640625 0.3020833328125 0.6611328125 0.3229166671875 0.65625 0.33506944375000003 0.6435546875 0.35069444375000003 0.6396484375 0.3611111109375 0.6357421875 0.3611111109375 0.626953125 0.3732638890625 0.611328125 0.4045138890625 0.607421875 0.42881944375 0.59375 0.45659722187499996 0.560546875 0.512152778125 0.5595703125 0.5173611109375 0.5439453125 0.5381944437499999 0.5380859375 0.5416666671875 0.5283203125 0.559027778125 0.515625 0.5711805562500001 0.515625 0.581597221875 0.5185546875 0.5868055562500001 0.529296875 0.5920138890625 0.525390625 0.605902778125 0.517578125 0.6163194437499999 0.515625 0.6267361109375 0.5107421875 0.6354166671875 0.5029296875 0.6388888890625 0.498046875 0.6510416671875 0.482421875 0.675347221875 0.478515625 0.6892361109375 0.46875 0.703125 0.4638671875 0.71875 0.4580078125 0.722222221875 0.453125 0.730902778125 0.4482421875 0.746527778125 0.4443359375 0.75 0.4150390625 0.746527778125 0.4033203125 0.753472221875 0.3720703125 0.8020833328125001 0.3525390625 0.8263888890625 0.33203125 0.862847221875 0.322265625 0.890625 0.314453125 0.9010416671874999 0.314453125 0.918402778125 0.31640625 0.921875 0.3056640625 0.972222221875 0.3154296875 0.9895833328125001 0.3212890625 0.9895833328125001 0.3271484375 0.9861111109375 0.3310546875 0.9791666671874999 0.3505859375 0.972222221875 0.3623046875 0.9548611109375 0.3740234375 0.9444444437499999 0.375 0.9392361109375
0 0.130859375 0.28993055624999997 0.125 0.3107638890625 0.1259765625 0.33680555624999997 0.1357421875 0.3263888890625 0.142578125 0.3107638890625 0.140625 0.29340277812500004 0.1318359375 0.2604166671875 0.125 0.27256944375000003 0.1259765625 0.27777777812500004 0.130859375 0.2795138890625 0.130859375 0.28993055624999997
0 0.0703125 0.8663194437499999 0.072265625 0.8211805562500001 0.0751953125 0.8125 0.0810546875 0.8125 0.08203125 0.8072916671874999 0.072265625 0.7899305562500001 0.0615234375 0.7604166671875 0.0576171875 0.7638888890625 0.0546875 0.762152778125 0.0537109375 0.75 0.046875 0.7586805562500001 0.0458984375 0.784722221875 0.05078125 0.8107638890625 0.0556640625 0.8125 0.060546875 0.8211805562500001 0.060546875 0.8350694437499999 0.052734375 0.8524305562500001 0.0615234375 0.8680555562500001 0.0673828125 0.871527778125 0.0703125 0.8663194437499999
0 0.080078125 0.45659722187499996 0.078125 0.4670138890625 0.068359375 0.48784722187499996 0.060546875 0.515625 0.060546875 0.5225694437499999 0.052734375 0.5399305562500001 0.05078125 0.5607638890625 0.046875 0.5677083328125 0.044921875 0.578125 0.0390625 0.5850694437499999 0.03515625 0.5989583328125 0.0361328125 0.6388888890625 0.04296875 0.644097221875 0.0439453125 0.659722221875 0.044921875 0.6232638890625 0.048828125 0.612847221875 0.05078125 0.5954861109375 0.08984375 0.45659722187499996 0.0908203125 0.44097222187499996 0.080078125 0.45659722187499996
0 0.1298828125 1 0.1328125 0.9947916671874999 0.126953125 0.9704861109375 0.126953125 0.949652778125 0.125 0.9461805562500001 0.125 0.9045138890625 0.123046875 0.9010416671874999 0.125 0.8802083328125001 0.12109375 0.8732638890625 0.1171875 0.8524305562500001 0.1123046875 0.84375 0.109375 0.8454861109375 0.109375 0.855902778125 0.115234375 0.8767361109375 0.115234375 0.9045138890625 0.1171875 0.9079861109375 0.115234375 0.9114583328125001 0.115234375 0.956597221875 0.1103515625 0.9618055562500001 0.1025390625 0.9479166671874999 0.0849609375 0.9479166671874999 0.083984375 0.953125 0.076171875 0.9635416671874999 0.0771484375 0.96875 0.08203125 0.9774305562500001 0.08203125 0.987847221875 0.080078125 0.9913194437499999 0.0810546875 1 0.1298828125 1
0 0.2998046875 0.7604166671875 0.2861328125 0.7604166671875 0.2822265625 0.7638888890625 0.2822265625 0.777777778125 0.2998046875 0.7951388890625 0.3076171875 0.7951388890625 0.3095703125 0.7986111109375 0.3271484375 0.7986111109375 0.333984375 0.7899305562500001 0.3330078125 0.78125 0.3154296875 0.78125 0.2998046875 0.7604166671875
0 0.3916015625 0.6770833328125 0.3779296875 0.6736111109375 0.3642578125 0.6631944437499999 0.3466796875 0.6631944437499999 0.33984375 0.671875 0.3388671875 0.6805555562500001 0.3466796875 0.690972221875 0.3603515625 0.6944444437499999 0.3623046875 0.6979166671875 0.3740234375 0.6979166671875 0.3818359375 0.6875 0.3896484375 0.6875 0.392578125 0.6822916671875 0.3916015625 0.6770833328125
0 0.455078125 0.581597221875 0.455078125 0.5677083328125 0.4521484375 0.5625 0.4404296875 0.559027778125 0.4384765625 0.5555555562500001 0.4287109375 0.5555555562500001 0.4208984375 0.5486111109375 0.3994140625 0.5486111109375 0.39453125 0.5572916671875 0.3955078125 0.565972221875 0.4013671875 0.5763888890625 0.4091796875 0.5833333328125 0.4150390625 0.5833333328125 0.4248046875 0.590277778125 0.4423828125 0.590277778125 0.4443359375 0.5868055562500001 0.4521484375 0.5868055562500001 0.455078125 0.581597221875
0 0.5869140625 0.3298611109375 0.59375 0.3177083328125 0.595703125 0.3072916671875 0.595703125 0.296875 0.5927734375 0.2916666671875 0.5771484375 0.28819444375000003 0.5595703125 0.27777777812500004 0.5478515625 0.27777777812500004 0.5419921875 0.28472222187499996 0.5380859375 0.28472222187499996 0.53515625 0.28993055624999997 0.5361328125 0.2951388890625 0.5458984375 0.30902777812500004 0.5517578125 0.3125 0.5595703125 0.30902777812500004 0.560546875 0.3177083328125 0.5634765625 0.3229166671875 0.5771484375 0.3263888890625 0.5791015625 0.3298611109375 0.5869140625 0.3298611109375
0 0.52734375 0.4357638890625 0.5244140625 0.4270833328125 0.5009765625 0.4270833328125 0.4912109375 0.4201388890625 0.4833984375 0.4201388890625 0.4755859375 0.43055555625 0.4697265625 0.43055555625 0.466796875 0.4357638890625 0.4677734375 0.4479166671875 0.4716796875 0.4548611109375 0.4755859375 0.4548611109375 0.4853515625 0.46527777812500004 0.4912109375 0.46527777812500004 0.4931640625 0.46875 0.5205078125 0.46875 0.52734375 0.453125 0.52734375 0.4357638890625